3
4
5
6
7
8
9
10
11
13
15
16
18
19
20
21
22
23
24
26
27
28
29
30
31
32
33
34
35
36
37
38
39
40
42
43
48
49
50
51
54
55
56
57
58
59
60
61
62
63
65
67
68
70
71
72
76
81
82
86
87
88
92
97
98
102
104
106
107
108
112
117
118
125
127
129
130
131
135
140
141
145
147
149
150
151
155
160
161
167
168
169
170
171
175
178
180
181
182
183
184
185
186
187
188
189
191
193
194
196
197
198
202
207
208
212
213
214
218
223
224
228
230
232
233
234
238
243
244
251
253
255
256
257
261
266
267
271
273
275
276
277
281
286
287
293
294
295
296
297
302
303
304
309
310
311
312
315
316
317
318
319
320
321
322
323
324
326
328
329
331
332
333
337
342
343
347
348
349
353
358
359
363
365
367
368
369
373
378
379
386
388
390
391
392
396
401
402
406
408
410
411
412
416
421
422
428
429
430
431
432
436
439
441
442
443
444
445
446
447
448
449
450
452
454
455
457
458
459
463
468
469
473
474
475
479
484
485
489
491
493
494
495
499
504
505
512
514
516
517
518
522
527
528
532
534
536
537
538
542
547
548
554
555
556
557
558
563
564
565
570
571
572
573
576
577
578
579
580
581
582
583
584
585
587
589
590
592
593
594
598
603
604
608
609
610
614
619
620
624
626
628
629
630
634
639
640
647
649
651
652
653
657
662
663
667
669
671
672
673
677
682
683
689
690
691
692
693
697
700
702
703
704
705
706
707
708
709
710
711
713
715
716
718
719
720
724
729
730
734
735
736
740
745
746
750
752
754
755
756
760
765
766
773
775
777
778
779
783
788
789
793
795
797
798
799
803
808
809
815
816
817
818
819
824
825
826
831
832
833
834
837
838
839
840
841
842
843
844
845
846
848
850
851
853
854
855
859
864
865
869
870
871
875
880
881
885
887
889
890
891
895
900
901
908
910
912
913
914
918
923
924
928
930
932
933
934
938
943
944
950
951
952
953
954
958
961
963
964
965
966
967
968
969
970
971
972
974
976
977
979
980
981
985
990
991
995
996
997
1001
1006
1007
1011
1013
1015
1016
1017
1021
1026
1027
1034
1036
1038
1039
1040
1044
1049
1050
1054
1056
1058
1059
1060
1064
1069
1070
1076
1077
1078
1079
1080
1085
1086
1087
1092
1093
1094
1095
1098
1099
1100
1101
1102
1103
1104
1105
1106
1107
1109
1111
1112
1114
1115
1116
1120
1125
1126
1130
1131
1132
1136
1141
1142
1146
1148
1150
1151
1152
1156
1161
1162
1169
1171
1173
1174
1175
1179
1184
1185
1189
1191
1193
1194
1195
1199
1204
1205
1211
1212
1213
1214
1215
1219
1222
1224
1225
1226
1227
1228
1229
1230
1231
1232
1233
1235
1237
1238
1240
1241
1242
1246
1251
1252
1256
1257
1258
1262
1267
1268
1272
1274
1276
1277
1278
1282
1287
1288
1295
1297
1299
1300
1301
1305
1310
1311
1315
1317
1319
1320
1321
1325
1330
1331
1337
1338
1339
1340
1341
1346
1347
1348
1353
1354
1355
1356
1359
1360
1361
1362
1363
1364
1365
1366
1367
1368
1370
1372
1373
1375
1376
1377
1381
1386
1387
1391
1392
1393
1397
1402
1403
1407
1409
1411
1412
1413
1417
1422
1423
1430
1432
1434
1435
1436
1440
1445
1446
1450
1452
1454
1455
1456
1460
1465
1466
1472
1473
1474
1475
1476
1480
1483
1485
1486
1487
1488
1489
1490
1491
1492
1493
1494
1496
1498
1499
1501
1502
1503
1507
1512
1513
1517
1518
1519
1523
1528
1529
1533
1535
1537
1538
1539
1543
1548
1549
1556
1558
1560
1561
1562
1566
1571
1572
1576
1578
1580
1581
1582
1586
1591
1592
1598
1599
1600
1601
1602
1607
1608
1609
1614
1615
1616
1617
1620
1621
1622
1623
1624
1625
1626
1627
1628
1629
1631
1633
1634
1636
1637
1638
1642
1647
1648
1652
1653
1654
1658
1663
1664
1668
1670
1672
1673
1674
1678
1683
1684
1691
1693
1695
1696
1697
1701
1706
1707
1711
1713
1715
1716
1717
1721
1726
1727
1733
1734
1735
1736
1737
1741
1744
1746
1747
1748
1749
1750
1751
1752
1753
1754
1755
1757
1759
1760
1762
1763
1764
1768
1773
1774
1778
1779
1780
1784
1789
1790
1794
1796
1798
1799
1800
1804
1809
1810
1817
1819
1821
1822
1823
1827
1832
1833
1837
1839
1841
1842
1843
1847
1852
1853
1859
1860
1861
1862
1863
1868
1869
1870
1875
1876
1877
1878
1881
1882
1883
1884
1885
1886
1887
1888
1889
1890
1892
1894
1895
1897
1898
1899
1903
1908
1909
1913
1914
1915
1919
1924
1925
1929
1931
1933
1934
1935
1939
1944
1945
1952
1954
1956
1957
1958
1962
1967
1968
1972
1974
1976
1977
1978
1982
1987
1988
1994
1995
1996
1997
1998
2002
2005
2007
2008
2009
2010
2011
2012
2013
2014
2015
2016
2018
2020
2021
2023
2024
2025
2029
2034
2035
2039
2040
2041
2045
2050
2051
2055
2057
2059
2060
2061
2065
2070
2071
2078
2080
2082
2083
2084
2088
2093
2094
2098
2100
2102
2103
2104
2108
2113
2114
2120
2121
2122
2123
2124
2129
2130
2131
2136
2137
2138
2139
2142
2143
2144
2145
2146
2147
2148
2149
2150
2151
2153
2155
2156
2158
2159
2160
2164
2169
2170
2174
2175
2176
2180
2185
2186
2190
2192
2194
2195
2196
2200
2205
2206
2213
2215
2217
2218
2219
2223
2228
2229
2233
2235
2237
2238
2239
2243
2248
2249
2255
2256
2257
2258
2259
2263
2266
2268
2269
2270
2271
2272
2273
2274
2275
2276
2277
2279
2281
2282
2284
2285
2286
2290
2295
2296
2300
2301
2302
2306
2311
2312
2316
2318
2320
2321
2322
2326
2331
2332
2339
2341
2343
2344
2345
2349
2354
2355
2359
2361
2363
2364
2365
2369
2374
2375
2381
2382
2383
2384
2385
2390
2391
2392
2397
2398
2399
2400
2403
2404
2405
2406
2407
2408
2409
2410
2411
2412
2414
2416
2417
2419
2420
2421
2425
2430
2431
2435
2436
2437
2441
2446
2447
2451
2453
2455
2456
2457
2461
2466
2467
2474
2476
2478
2479
2480
2484
2489
2490
2494
2496
2498
2499
2500
2504
2509
2510
2516
2517
2518
2519
2520
2524
2527
2529
2530
2531
2532
2533
2534
2535
2536
2537
2538
2540
2542
2543
2545
2546
2547
2551
2556
2557
2561
2562
2563
2567
2572
2573
2577
2579
2581
2582
2583
2587
2592
2593
2600
2602
2604
2605
2606
2610
2615
2616
2620
2622
2624
2625
2626
2630
2635
2636
2642
2643
2644
2645
2646
2651
2652
2653
2658
2659
2660
2661
2664
2665
2666
2667
2668
2669
2670
2671
2672
2673
2675
2677
2678
2680
2681
2682
2686
2691
2692
2696
2697
2698
2702
2707
2708
2712
2714
2716
2717
2718
2722
2727
2728
2735
2737
2739
2740
2741
2745
2750
2751
2755
2757
2759
2760
2761
2765
2770
2771
2777
2778
2779
2780
2781
2785
2788
2790
2791
2792
2793
2794
2795
2796
2797
2798
2799
2801
2803
2804
2806
2807
2808
2812
2817
2818
2822
2823
2824
2828
2833
2834
2838
2840
2842
2843
2844
2848
2853
2854
2861
2863
2865
2866
2867
2871
2876
2877
2881
2883
2885
2886
2887
2891
2896
2897
2903
2904
2905
2906
2907
2912
2913
2914
2919
2920
2921
2922
2925
2926
2927
2928
2929
2930
2931
2932
2933
2934
2936
2938
2939
2941
2942
2943
2947
2952
2953
2957
2958
2959
2963
2968
2969
2973
2975
2977
2978
2979
2983
2988
2989
2996
2998
3000
3001
3002
3006
3011
3012
3016
3018
3020
3021
3022
3026
3031
3032
3038
3039
3040
3041
3042
3046
3049
3051
3052
3053
3054
3055
3056
3057
3058
3059
3060
3062
3064
3065
3067
3068
3069
3073
3078
3079
3083
3084
3085
3089
3094
3095
3099
3101
3103
3104
3105
3109
3114
3115
3122
3124
3126
3127
3128
3132
3137
3138
3142
3144
3146
3147
3148
3152
3157
3158
3164
3165
3166
3167
3168
3173
3174
3175
3180
3181
3182
3183
3186
3187
3188
3189
3190
3191
3192
3193
3194
3195
3197
3199
3200
3202
3203
3204
3208
3213
3214
3218
3219
3220
3224
3229
3230
3234
3236
3238
3239
3240
3244
3249
3250
3257
3259
3261
3262
3263
3267
3272
3273
3277
3279
3281
3282
3283
3287
3292
3293
3299
3300
3301
3302
3303
3307
3310
3312
3313
3314
3315
3316
3317
3318
3319
3320
3321
3323
3325
3326
3328
3329
3330
3334
3339
3340
3344
3345
3346
3350
3355
3356
3360
3362
3364
3365
3366
3370
3375
3376
3383
3385
3387
3388
3389
3393
3398
3399
3403
3405
3407
3408
3409
3413
3418
3419
3425
3426
3427
3428
3429
3434
3435
3436
3441
3442
3443
3444
3447
3448
3449
3450
3451
3452
3453
3454
3455
3456
3458
3460
3461
3463
3464
3465
3469
3474
3475
3479
3480
3481
3485
3490
3491
3495
3497
3499
3500
3501
3505
3510
3511
3518
3520
3522
3523
3524
3528
3533
3534
3538
3540
3542
3543
3544
3548
3553
3554
3560
3561
3562
3563
3564
3568
3571
3573
3574
3575
3576
3577
3578
3579
3580
3581
3582
3584
3586
3587
3589
3590
3591
3595
3600
3601
3605
3606
3607
3611
3616
3617
3621
3623
3625
3626
3627
3631
3636
3637
3644
3646
3648
3649
3650
3654
3659
3660
3664
3666
3668
3669
3670
3674
3679
3680
3686
3687
3688
3689
3690
3695
3696
3697
3702
3703
3704
3705
3708
3709
3710
3711
3712
3713
3714
3715
3716
3717
3719
3721
3722
3724
3725
3726
3730
3735
3736
3740
3741
3742
3746
3751
3752
3756
3758
3760
3761
3762
3766
3771
3772
3779
3781
3783
3784
3785
3789
3794
3795
3799
3801
3803
3804
3805
3809
3814
3815
3821
3822
3823
3824
3825
3829
3832
3834
3835
3836
3837
3838
3839
3840
3841
3842
3843
3845
3847
3848
3850
3851
3852
3856
3861
3862
3866
3867
3868
3872
3877
3878
3882
3884
3886
3887
3888
3892
3897
3898
3905
3907
3909
3910
3911
3915
3920
3921
3925
3927
3929
3930
3931
3935
3940
3941
3947
3948
3949
3950
3951
3956
3957
3958
3963
3964
3965
3966
3969
3970
3971
3972
3973
3974
3975
3976
3977
3978
3980
3982
3983
3985
3986
3987
3991
3996
3997
4001
4002
4003
4007
4012
4013
4017
4019
4021
4022
4023
4027
4032
4033
4040
4042
4044
4045
4046
4050
4055
4056
4060
4062
4064
4065
4066
4070
4075
4076
4082
4083
4084
4085
4086
4090
4093
4095
4096
4097
4098
4099
4100
4101
4102
4103
4104
4106
4108
4109
4111
4112
4113
4117
4122
4123
4127
4128
4129
4133
4138
4139
4143
4145
4147
4148
4149
4153
4158
4159
4166
4168
4170
4171
4172
4176
4181
4182
4186
4188
4190
4191
4192
4196
4201
4202
4208
4209
4210
4211
4212
4217
4218
4219
4224
4225
4226
4227
4230
4231
4232
4233
4234
4235
4236
4237
4238
4239
4241
4243
4244
4246
4247
4248
4252
4257
4258
4262
4263
4264
4268
4273
4274
4278
4280
4282
4283
4284
4288
4293
4294
4301
4303
4305
4306
4307
4311
4316
4317
4321
4323
4325
4326
4327
4331
4336
4337
4343
4344
4345
4346
4347
4351
4354
4356
4357
4358
4359
4360
4361
4362
4363
4364
4365
4367
4369
4370
4372
4373
4374
4378
4383
4384
4388
4389
4390
4394
4399
4400
4404
4406
4408
4409
4410
4414
4419
4420
4427
4429
4431
4432
4433
4437
4442
4443
4447
4449
4451
4452
4453
4457
4462
4463
4469
4470
4471
4472
4473
4478
4479
4480
4485
4486
4487
4488
4491
4492
4493
4494
4495
4496
4497
4498
4499
4500
4502
4504
4505
4507
4508
4509
4513
4518
4519
4523
4524
4525
4529
4534
4535
4539
4541
4543
4544
4545
4549
4554
4555
4562
4564
4566
4567
4568
4572
4577
4578
4582
4584
4586
4587
4588
4592
4597
4598
4604
4605
4606
4607
4608
4612
4615
4617
4618
4619
4620
4621
4622
4623
4624
4625
4626
4628
4630
4631
4633
4634
4635
4639
4644
4645
4649
4650
4651
4655
4660
4661
4665
4667
4669
4670
4671
4675
4680
4681
4688
4690
4692
4693
4694
4698
4703
4704
4708
4710
4712
4713
4714
4718
4723
4724
4730
4731
4732
4733
4734
4739
4740
4741
4746
4747
4748
4749
4752
4753
4754
4755
4756
4757
4758
4759
4760
4761
4763
4765
4766
4768
4769
4770
4774
4779
4780
4784
4785
4786
4790
4795
4796
4800
4802
4804
4805
4806
4810
4815
4816
4823
4825
4827
4828
4829
4833
4838
4839
4843
4845
4847
4848
4849
4853
4858
4859
4865
4866
4867
4868
4869
4873
4876
4878
4879
4880
4881
4882
4883
4884
4885
4886
4887
4889
4891
4892
4894
4895
4896
4900
4905
4906
4910
4911
4912
4916
4921
4922
4926
4928
4930
4931
4932
4936
4941
4942
4949
4951
4953
4954
4955
4959
4964
4965
4969
4971
4973
4974
4975
4979
4984
4985
4991
4992
4993
4994
4995
5000
5001
5002
5007
5008
5009
5010
5013
5014
5015
5016
5017
5018
5019
5020
5021
5022
5024
5026
5027
5029
5030
5031
5035
5040
5041
5045
5046
5047
5051
5056
5057
5061
5063
5065
5066
5067
5071
5076
5077
5084
5086
5088
5089
5090
5094
5099
5100
5104
5106
5108
5109
5110
5114
5119
5120
5126
5127
5128
5129
5130
5134
5137
5139
5140
5141
5142
5143
5144
5145
5146
5147
5148
5150
5152
5153
5155
5156
5157
5161
5166
5167
5171
5172
5173
5177
5182
5183
5187
5189
5191
5192
5193
5197
5202
5203
5210
5212
5214
5215
5216
5220
5225
5226
5230
5232
5234
5235
5236
5240
5245
5246
5252
5253
5254
5255
5256
5261
5262
5263
5268
5269
5270
5271
5274
5275
5276
5277
5278
5279
5280
5281
5282
5283
5285
5287
5288
5290
5291
5292
5296
5301
5302
5306
5307
5308
5312
5317
5318
5322
5324
5326
5327
5328
5332
5337
5338
5345
5347
5349
5350
5351
5355
5360
5361
5365
5367
5369
5370
5371
5375
5380
5381
5387
5388
5389
5390
5391
5395
5398
5400
5401
5402
5403
5404
5405
5406
5407
5408
5409
5411
5413
5414
5416
5417
5418
5422
5427
5428
5432
5433
5434
5438
5443
5444
5448
5450
5452
5453
5454
5458
5463
5464
5471
5473
5475
5476
5477
5481
5486
5487
5491
5493
5495
5496
5497
5501
5506
5507
5513
5514
5515
5516
5517
5522
5523
5524
5529
5530
5531
5532
5535
5536
5537
5538
5539
5540
5541
5542
5543
5544
5546
5548
5549
5551
5552
5553
5557
5562
5563
5567
5568
5569
5573
5578
5579
5583
5585
5587
5588
5589
5593
5598
5599
5606
5608
5610
5611
5612
5616
5621
5622
5626
5628
5630
5631
5632
5636
5641
5642
5648
5649
5650
5651
5652
5656
5659
5661
5662
5663
5664
5665
5666
5667
5668
5669
5670
5672
5674
5675
5677
5678
5679
5683
5688
5689
5693
5694
5695
5699
5704
5705
5709
5711
5713
5714
5715
5719
5724
5725
5732
5734
5736
5737
5738
5742
5747
5748
5752
5754
5756
5757
5758
5762
5767
5768
5774
5775
5776
5777
5778
5783
5784
5785
5790
5791
5792
5793
5796
5797
5798
5799
5800
5801
5802
5803
5804
5805
5807
5809
5810
5812
5813
5814
5818
5823
5824
5828
5829
5830
5834
5839
5840
5844
5846
5848
5849
5850
5854
5859
5860
5867
5869
5871
5872
5873
5877
5882
5883
5887
5889
5891
5892
5893
5897
5902
5903
5909
5910
5911
5912
5913
5917
5920
5922
5923
5924
5925
5926
5927
5928
5929
5930
5931
5933
5935
5936
5938
5939
5940
5944
5949
5950
5954
5955
5956
5960
5965
5966
5970
5972
5974
5975
5976
5980
5985
5986
5993
5995
5997
5998
5999
6003
6008
6009
6013
6015
6017
6018
6019
6023
6028
6029
6035
6036
6037
6038
6039
6044
6045
6046
6051
6052
6053
6054
6057
6058
6059
6060
6061
6062
6063
6064
6065
6066
6068
6070
6071
6073
6074
6075
6079
6084
6085
6089
6090
6091
6095
6100
6101
6105
6107
6109
6110
6111
6115
6120
6121
6128
6130
6132
6133
6134
6138
6143
6144
6148
6150
6152
6153
6154
6158
6163
6164
6170
6171
6172
6173
6174
6178
6181
6183
6184
6185
6186
6187
6188
6189
6190
6191
6192
6194
6196
6197
6199
6200
6201
6205
6210
6211
6215
6216
6217
6221
6226
6227
6231
6233
6235
6236
6237
6241
6246
6247
6254
6256
6258
6259
6260
6264
6269
6270
6274
6276
6278
6279
6280
6284
6289
6290
6296
6297
6298
6299
6300
6305
6306
6307
6312
6313
6314
6315
6318
6319
6320
6321
6322
6323
6324
6325
6326
6327
6329
6331
6332
6334
6335
6336
6340
6345
6346
6350
6351
6352
6356
6361
6362
6366
6368
6370
6371
6372
6376
6381
6382
6389
6391
6393
6394
6395
6399
6404
6405
6409
6411
6413
6414
6415
6419
6424
6425
6431
6432
6433
6434
6435
6439
6442
6444
6445
6446
6447
6448
6449
6450
6451
6452
6453
6455
6457
6458
6460
6461
6462
6466
6471
6472
6476
6477
6478
6482
6487
6488
6492
6494
6496
6497
6498
6502
6507
6508
6515
6517
6519
6520
6521
6525
6530
6531
6535
6537
6539
6540
6541
6545
6550
6551
6557
6558
6559
6560
6561
6566
6567
6568
6573
6574
6575
6576
6579
6580
6581
6582
6583
6584
6585
6586
6587
6588
6590
6592
6593
6595
6596
6597
6601
6606
6607
6611
6612
6613
6617
6622
6623
6627
6629
6631
6632
6633
6637
6642
6643
6650
6652
6654
6655
6656
6660
6665
6666
6670
6672
6674
6675
6676
6680
6685
6686
6692
6693
6694
6695
6696
6700
6703
6705
6706
6707
6708
6709
6710
6711
6712
6713
6714
6716
6718
6719
6721
6722
6723
6727
6732
6733
6737
6738
6739
6743
6748
6749
6753
6755
6757
6758
6759
6763
6768
6769
6776
6778
6780
6781
6782
6786
6791
6792
6796
6798
6800
6801
6802
6806
6811
6812
6818
6819
6820
6821
6822
6827
6828
6829
6834
6835
6836
6837
6840
6841
6842
6843
6844
6845
6846
6847
6848
6849
6851
6853
6854
6856
6857
6858
6862
6867
6868
6872
6873
6874
6878
6883
6884
6888
6890
6892
6893
6894
6898
6903
6904
6911
6913
6915
6916
6917
6921
6926
6927
6931
6933
6935
6936
6937
6941
6946
6947
6953
6954
6955
6956
6957
6961
6964
6966
6967
6968
6969
6970
6971
6972
6973
6974
6975
6977
6979
6980
6982
6983
6984
6988
6993
6994
6998
6999
7000
7004
7009
7010
7014
7016
7018
7019
7020
7024
7029
7030
7037
7039
7041
7042
7043
7047
7052
7053
7057
7059
7061
7062
7063
7067
7072
7073
7079
7080
7081
7082
7083
7088
7089
7090
7095
7096
7097
7098
7101
7102
7103
7104
7105
7106
7107
7108
7109
7110
7112
7114
7115
7117
7118
7119
7123
7128
7129
7133
7134
7135
7139
7144
7145
7149
7151
7153
7154
7155
7159
7164
7165
7172
7174
7176
7177
7178
7182
7187
7188
7192
7194
7196
7197
7198
7202
7207
7208
7214
7215
7216
7217
7218
7222
7225
7227
7228
7229
7230
7231
7232
7233
7234
7235
7236
7238
7240
7241
7243
7244
7245
7249
7254
7255
7259
7260
7261
7265
7270
7271
7275
7277
7279
7280
7281
7285
7290
7291
7298
7300
7302
7303
7304
7308
7313
7314
7318
7320
7322
7323
7324
7328
7333
7334
7340
7341
7342
7343
7344
7349
7350
7351
7356
7357
7358
7359
7362
7363
7364
7365
7366
7367
7368
7369
7370
7371
7373
7375
7376
7378
7379
7380
7384
7389
7390
7394
7395
7396
7400
7405
7406
7410
7412
7414
7415
7416
7420
7425
7426
7433
7435
7437
7438
7439
7443
7448
7449
7453
7455
7457
7458
7459
7463
7468
7469
7475
7476
7477
7478
7479
7483
7486
7488
7489
7490
7491
7492
7493
7494
7495
7496
7497
7499
7501
7502
7504
7505
7506
7510
7515
7516
7520
7521
7522
7526
7531
7532
7536
7538
7540
7541
7542
7546
7551
7552
7559
7561
7563
7564
7565
7569
7574
7575
7579
7581
7583
7584
7585
7589
7594
7595
7601
7602
7603
7604
7605
7610
7611
7612
7617
7618
7619
7620
7623
7624
7625
7626
7627
7628
7629
7630
7631
7632
7634
7636
7637
7639
7640
7641
7645
7650
7651
7655
7656
7657
7661
7666
7667
7671
7673
7675
7676
7677
7681
7686
7687
7694
7696
7698
7699
7700
7704
7709
7710
7714
7716
7718
7719
7720
7724
7729
7730
7736
7737
7738
7739
7740
7744
7747
7749
7750
7751
7752
7753
7754
7755
7756
7757
7758
7760
7762
7763
7765
7766
7767
7771
7776
7777
7781
7782
7783
7787
7792
7793
7797
7799
7801
7802
7803
7807
7812
7813
7820
7822
7824
7825
7826
7830
7835
7836
7840
7842
7844
7845
7846
7850
7855
7856
7862
7863
7864
7865
7866
7871
7872
7873
7878
7879
7880
7881
7884
7885
7886
7887
7888
7889
7890
7891
7892
7893
7895
7897
7898
7900
7901
7902
7906
7911
7912
7916
7917
7918
7922
7927
7928
7932
7934
7936
7937
7938
7942
7947
7948
7955
7957
7959
7960
7961
7965
7970
7971
7975
7977
7979
7980
7981
7985
7990
7991
7997
7998
7999
8000
8001
8005
8008
8010
8011
8012
8013
8014
8015
8016
8017
8018
8019
8021
8023
8024
8026
8027
8028
8032
8037
8038
8042
8043
8044
8048
8053
8054
8058
8060
8062
8063
8064
8068
8073
8074
8081
8083
8085
8086
8087
8091
8096
8097
8101
8103
8105
8106
8107
8111
8116
8117
8123
8124
8125
8126
8127
8132
8133
8134
8139
8140
8141
8142
8145
8146
8147
8148
8149
8150
8151
8152
8153
8154
8156
8158
8159
8161
8162
8163
8167
8172
8173
8177
8178
8179
8183
8188
8189
8193
8195
8197
8198
8199
8203
8208
8209
8216
8218
8220
8221
8222
8226
8231
8232
8236
8238
8240
8241
8242
8246
8251
8252
8258
8259
8260
8261
8262
8266
8269
8271
8272
8273
8274
8275
8276
8277
8278
8279
8280
8282
8284
8285
8287
8288
8289
8293
8298
8299
8303
8304
8305
8309
8314
8315
8319
8321
8323
8324
8325
8329
8334
8335
8342
8344
8346
8347
8348
8352
8357
8358
8362
8364
8366
8367
8368
8372
8377
8378
8384
8385
8386
8387
8388
8393
8394
8395
8400
8401
8402
8403
8406
8407
8408
8409
8410
8411
8412
8413
8414
8415
8417
8419
8420
8422
8423
8424
8428
8433
8434
8438
8439
8440
8444
8449
8450
8454
8456
8458
8459
8460
8464
8469
8470
8477
8479
8481
8482
8483
8487
8492
8493
8497
8499
8501
8502
8503
8507
8512
8513
8519
8520
8521
8522
8523
8527
8530
8532
8533
8534
8535
8536
8537
8538
8539
8540
8541
8543
8545
8546
8548
8549
8550
8554
8559
8560
8564
8565
8566
8570
8575
8576
8580
8582
8584
8585
8586
8590
8595
8596
8603
8605
8607
8608
8609
8613
8618
8619
8623
8625
8627
8628
8629
8633
8638
8639
8645
8646
8647
8648
8649
8654
8655
8656
8661
8662
8663
8664
8667
8668
8669
8670
8671
8672
8673
8674
8675
8676
8678
8680
8681
8683
8684
8685
8689
8694
8695
8699
8700
8701
8705
8710
8711
8715
8717
8719
8720
8721
8725
8730
8731
8738
8740
8742
8743
8744
8748
8753
8754
8758
8760
8762
8763
8764
8768
8773
8774
8780
8781
8782
8783
8784
8788
8791
8793
8794
8795
8796
8797
8798
8799
8800
8801
8802
8804
8806
8807
8809
8810
8811
8815
8820
8821
8825
8826
8827
8831
8836
8837
8841
8843
8845
8846
8847
8851
8856
8857
8864
8866
8868
8869
8870
8874
8879
8880
8884
8886
8888
8889
8890
8894
8899
8900
8906
8907
8908
8909
8910
8915
8916
8917
8922
8923
8924
8925
8928
8929
8930
8931
8932
8933
8934
8935
8936
8937
8939
8941
8942
8944
8945
8946
8950
8955
8956
8960
8961
8962
8966
8971
8972
8976
8978
8980
8981
8982
8986
8991
8992
8999
9001
9003
9004
9005
9009
9014
9015
9019
9021
9023
9024
9025
9029
9034
9035
9041
9042
9043
9044
9045
9049
9052
9054
9055
9056
9057
9058
9059
9060
9061
9062
9063
9065
9067
9068
9070
9071
9072
9076
9081
9082
9086
9087
9088
9092
9097
9098
9102
9104
9106
9107
9108
9112
9117
9118
9125
9127
9129
9130
9131
9135
9140
9141
9145
9147
9149
9150
9151
9155
9160
9161
9167
9168
9169
9170
9171
9176
9177
9178
9183
9184
9185
9186
9189
9190
9191
9192
9193
9194
9195
9196
9197
9198
9200
9202
9203
9205
9206
9207
9211
9216
9217
9221
9222
9223
9227
9232
9233
9237
9239
9241
9242
9243
9247
9252
9253
9260
9262
9264
9265
9266
9270
9275
9276
9280
9282
9284
9285
9286
9290
9295
9296
9302
9303
9304
9305
9306
9310
9313
9315
9316
9317
9318
9319
9320
9321
9322
9323
9324
9326
9328
9329
9331
9332
9333
9337
9342
9343
9347
9348
9349
9353
9358
9359
9363
9365
9367
9368
9369
9373
9378
9379
9386
9388
9390
9391
9392
9396
9401
9402
9406
9408
9410
9411
9412
9416
9421
9422
9428
9429
9430
9431
9432
9437
9438
9439
9444
9445
9446
9447
9450
9451
9452
9453
9454
9455
9456
9457
9458
9459
9461
9463
9464
9466
9467
9468
9472
9477
9478
9482
9483
9484
9488
9493
9494
9498
9500
9502
9503
9504
9508
9513
9514
9521
9523
9525
9526
9527
9531
9536
9537
9541
9543
9545
9546
9547
9551
9556
9557
9563
9564
9565
9566
9567
9571
9574
9576
9577
9578
9579
9580
9581
9582
9583
9584
9585
9587
9589
9590
9592
9593
9594
9598
9603
9604
9608
9609
9610
9614
9619
9620
9624
9626
9628
9629
9630
9634
9639
9640
9647
9649
9651
9652
9653
9657
9662
9663
9667
9669
9671
9672
9673
9677
9682
9683
9689
9690
9691
9692
9693
9698
9699
9700
9705
9706
9707
9708
9711
9712
9713
9714
9715
9716
9717
9718
9719
9720
9722
9724
9725
9727
9728
9729
9733
9738
9739
9743
9744
9745
9749
9754
9755
9759
9761
9763
9764
9765
9769
9774
9775
9782
9784
9786
9787
9788
9792
9797
9798
9802
9804
9806
9807
9808
9812
9817
9818
9824
9825
9826
9827
9828
9832
9835
9837
9838
9839
9840
9841
9842
9843
9844
9845
9846
9848
9850
9851
9853
9854
9855
9859
9864
9865
9869
9870
9871
9875
9880
9881
9885
9887
9889
9890
9891
9895
9900
9901
9908
9910
9912
9913
9914
9918
9923
9924
9928
9930
9932
9933
9934
9938
9943
9944
9950
9951
9952
9953
9954
9959
9960
9961
9966
9967
9968
9969
9972
9973
9974
9975
9976
9977
9978
9979
9980
9981
9983
9985
9986
9988
9989
9990
9994
9999
10000
10004
10005
10006
10010
10015
10016
10020
10022
10024
10025
10026
10030
10035
10036
10043
10045
10047
10048
10049
10053
10058
10059
10063
10065
10067
10068
10069
10073
10078
10079
10085
10086
10087
10088
10089
10093
10096
10098
10099
10100
10101
10102
10103
10104
10105
10106
10107
10109
10111
10112
10114
10115
10116
10120
10125
10126
10130
10131
10132
10136
10141
10142
10146
10148
10150
10151
10152
10156
10161
10162
10169
10171
10173
10174
10175
10179
10184
10185
10189
10191
10193
10194
10195
10199
10204
10205
10211
10212
10213
10214
10215
10220
10221
10222
10227
10228
10229
10230
10233
10234
10235
10236
10237
10238
10239
10240
10241
10242
10244
10246
10247
10249
10250
10251
10255
10260
10261
10265
10266
10267
10271
10276
10277
10281
10283
10285
10286
10287
10291
10296
10297
10304
10306
10308
10309
10310
10314
10319
10320
10324
10326
10328
10329
10330
10334
10339
10340
10346
10347
10348
10349
10350
10354
10357
10359
10360
10361
10362
10363
10364
10365
10366
10367
10368
10370
10372
10373
10375
10376
10377
10381
10386
10387
10391
10392
10393
10397
10402
10403
10407
10409
10411
10412
10413
10417
10422
10423
10430
10432
10434
10435
10436
10440
10445
10446
10450
10452
10454
10455
10456
10460
10465
10466
10472
10473
10474
10475
10476
10481
10482
10483
10488
10489
10490
10491
10494
10495
10496
10497
10498
10499
10500
10501
10502
10503
10505
10507
10508
10510
10511
10512
10516
10521
10522
10526
10527
10528
10532
10537
10538
10542
10544
10546
10547
10548
10552
10557
10558
10565
10567
10569
10570
10571
10575
10580
10581
10585
10587
10589
10590
10591
10595
10600
10601
10607
10608
10609
10610
10611
10615
10618
10620
10621
10622
10623
10624
10625
10626
10627
10628
10629
10631
10633
10634
10636
10637
10638
10642
10647
10648
10652
10653
10654
10658
10663
10664
10668
10670
10672
10673
10674
10678
10683
10684
10691
10693
10695
10696
10697
10701
10706
10707
10711
10713
10715
10716
10717
10721
10726
10727
10733
10734
10735
10736
10737
10742
10743
10744
10749
10750
10751
10752
10755
10756
10757
10758
10759
10760
10761
10762
10763
10764
10766
10768
10769
10771
10772
10773
10777
10782
10783
10787
10788
10789
10793
10798
10799
10803
10805
10807
10808
10809
10813
10818
10819
10826
10828
10830
10831
10832
10836
10841
10842
10846
10848
10850
10851
10852
10856
10861
10862
10868
10869
10870
10871
10872
10876
10879
10881
10882
10883
10884
10885
10886
10887
10888
10889
10890
10892
10894
10895
10897
10898
10899
10903
10908
10909
10913
10914
10915
10919
10924
10925
10929
10931
10933
10934
10935
10939
10944
10945
10952
10954
10956
10957
10958
10962
10967
10968
10972
10974
10976
10977
10978
10982
10987
10988
10994
10995
10996
10997
10998
11003
11004
11005
11010
11011
11012
11013
11016
11017
11018
11019
11020
11021
11022
11023
11024
11025
11027
11029
11030
11032
11033
11034
11038
11043
11044
11048
11049
11050
11054
11059
11060
11064
11066
11068
11069
11070
11074
11079
11080
11087
11089
11091
11092
11093
11097
11102
11103
11107
11109
11111
11112
11113
11117
11122
11123
11129
11130
11131
11132
11133
11137
11140
11142
11143
11144
11145
11146
11147
11148
11149
11150
11151
11153
11155
11156
11158
11159
11160
11164
11169
11170
11174
11175
11176
11180
11185
11186
11190
11192
11194
11195
11196
11200
11205
11206
11213
11215
11217
11218
11219
11223
11228
11229
11233
11235
11237
11238
11239
11243
11248
11249
11255
11256
11257
11258
11259
11264
11265
11266
11271
11272
11273
11274
11277
11278
11279
11280
11281
11282
11283
11284
11285
11286
11288
11290
11291
11293
11294
11295
11299
11304
11305
11309
11310
11311
11315
11320
11321
11325
11327
11329
11330
11331
11335
11340
11341
11348
11350
11352
11353
11354
11358
11363
11364
11368
11370
11372
11373
11374
11378
11383
11384
11390
11391
11392
11393
11394
11398
11401
11403
11404
11405
11406
11407
11408
11409
11410
11411
11412
11414
11416
11417
11419
11420
11421
11425
11430
11431
11435
11436
11437
11441
11446
11447
11451
11453
11455
11456
11457
11461
11466
11467
11474
11476
11478
11479
11480
11484
11489
11490
11494
11496
11498
11499
11500
11504
11509
11510
11516
11517
11518
11519
11520
11525
11526
11527
11532
11533
11534
11535
11538
11539
11540
11541
11542
11543
11544
11545
11546
11547
11549
11551
11552
11554
11555
11556
11560
11565
11566
11570
11571
11572
11576
11581
11582
11586
11588
11590
11591
11592
11596
11601
11602
11609
11611
11613
11614
11615
11619
11624
11625
11629
11631
11633
11634
11635
11639
11644
11645
11651
11652
11653
11654
11655
11659
11662
11664
11665
11666
11667
11668
11669
11670
11671
11672
11673
11675
11677
11678
11680
11681
11682
11686
11691
11692
11696
11697
11698
11702
11707
11708
11712
11714
11716
11717
11718
11722
11727
11728
11735
11737
11739
11740
11741
11745
11750
11751
11755
11757
11759
11760
11761
11765
11770
11771
11777
11778
11779
11780
11781
11786
11787
11788
11793
11794
11795
11796
11799
11800
11801
11802
11803
11804
11805
11806
11807
11808
11810
11812
11813
11815
11816
11817
11821
11826
11827
11831
11832
11833
11837
11842
11843
11847
11849
11851
11852
11853
11857
11862
11863
11870
11872
11874
11875
11876
11880
11885
11886
11890
11892
11894
11895
11896
11900
11905
11906
11912
11913
11914
11915
11916
11920
11923
11925
11926
11927
11928
11929
11930
11931
11932
11933
11934
11936
11938
11939
11941
11942
11943
11947
11952
11953
11957
11958
11959
11963
11968
11969
11973
11975
11977
11978
11979
11983
11988
11989
11996
11998
12000
12001
12002
12006
12011
12012
12016
12018
12020
12021
12022
12026
12031
12032
12038
12039
12040
12041
12042
12047
12048
12049
12054
12055
12056
12057
12060
12061
12062
12063
12064
12065
12066
12067
12068
12069
12071
12073
12074
12076
12077
12078
12082
12087
12088
12092
12093
12094
12098
12103
12104
12108
12110
12112
12113
12114
12118
12123
12124
12131
12133
12135
12136
12137
12141
12146
12147
12151
12153
12155
12156
12157
12161
12166
12167
12173
12174
12175
12176
12177
12181
12184
12186
12187
12188
12189
12190
12191
12192
12193
12194
12195
12197
12199
12200
12202
12203
12204
12208
12213
12214
12218
12219
12220
12224
12229
12230
12234
12236
12238
12239
12240
12244
12249
12250
12257
12259
12261
12262
12263
12267
12272
12273
12277
12279
12281
12282
12283
12287
12292
12293
12299
12300
12301
12302
12303
12308
12309
12310
12315
12316
12317
12318
12321
12322
12323
12324
12325
12326
12327
12328
12329
12330
12332
12334
12335
12337
12338
12339
12343
12348
12349
12353
12354
12355
12359
12364
12365
12369
12371
12373
12374
12375
12379
12384
12385
12392
12394
12396
12397
12398
12402
12407
12408
12412
12414
12416
12417
12418
12422
12427
12428
12434
12435
12436
12437
12438
12442
12445
12447
12448
12449
12450
12451
12452
12453
12454
12455
12456
12458
12460
12461
12463
12464
12465
12469
12474
12475
12479
12480
12481
12485
12490
12491
12495
12497
12499
12500
12501
12505
12510
12511
12518
12520
12522
12523
12524
12528
12533
12534
12538
12540
12542
12543
12544
12548
12553
12554
12560
12561
12562
12563
12564
12569
12570
12571
12576
12577
12578
12579
12582
12583
12584
12585
12586
12587
12588
12589
12590
12591
12593
12595
12596
12598
12599
12600
12604
12609
12610
12614
12615
12616
12620
12625
12626
12630
12632
12634
12635
12636
12640
12645
12646
12653
12655
12657
12658
12659
12663
12668
12669
12673
12675
12677
12678
12679
12683
12688
12689
12695
12696
12697
12698
12699
12703
12706
12708
12709
12710
12711
12712
12713
12714
12715
12716
12717
12719
12721
12722
12724
12725
12726
12730
12735
12736
12740
12741
12742
12746
12751
12752
12756
12758
12760
12761
12762
12766
12771
12772
12779
12781
12783
12784
12785
12789
12794
12795
12799
12801
12803
12804
12805
12809
12814
12815
12821
12822
12823
12824
12825
12830
12831
12832
12837
12838
12839
12840
12843
12844
12845
12846
12847
12848
12849
12850
12851
12852
12854
12856
12857
12859
12860
12861
12865
12870
12871
12875
12876
12877
12881
12886
12887
12891
12893
12895
12896
12897
12901
12906
12907
12914
12916
12918
12919
12920
12924
12929
12930
12934
12936
12938
12939
12940
12944
12949
12950
12956
12957
12958
12959
12960
12964
12967
12969
12970
12971
12972
12973
12974
12975
12976
12977
12978
12980
12982
12983
12985
12986
12987
12991
12996
12997
13001
13002
13003
13007
13012
13013
13017
13019
13021
13022
13023
13027
13032
13033
13040
13042
13044
13045
13046
13050
13055
13056
13060
13062
13064
13065
13066
13070
13075
13076
13082
13083
13084
13085
13086
13091
13092
13093
13098
13099
13100
13101
13104
13105
13106
13107
13108
13109
13110
13111
13112
13113
13115
13117
13118
13120
13121
13122
13126
13131
13132
13136
13137
13138
13142
13147
13148
13152
13154
13156
13157
13158
13162
13167
13168
13175
13177
13179
13180
13181
13185
13190
13191
13195
13197
13199
13200
13201
13205
13210
13211
13217
13218
13219
13220
13221
13225
13228
13230
13231
13232
13233
13234
13235
13236
13237
13238
13239
13241
13243
13244
13246
13247
13248
13252
13257
13258
13262
13263
13264
13268
13273
13274
13278
13280
13282
13283
13284
13288
13293
13294
13301
13303
13305
13306
13307
13311
13316
13317
13321
13323
13325
13326
13327
13331
13336
13337
13343
13344
13345
13346
13347
13352
13353
13354
13359
13360
13361
13362
13365
13366
13367
13368
13369
13370
13371
13372
13373
13374
13376
13378
13379
13381
13382
13383
13387
13392
13393
13397
13398
13399
13403
13408
13409
13413
13415
13417
13418
13419
13423
13428
13429
13436
13438
13440
13441
13442
13446
13451
13452
13456
13458
13460
13461
13462
13466
13471
13472
13478
13479
13480
13481
13482
13486
13489
13491
13492
13493
13494
13495
13496
13497
13498
13499
13500
13502
13504
13505
13507
13508
13509
13513
13518
13519
13523
13524
13525
13529
13534
13535
13539
13541
13543
13544
13545
13549
13554
13555
13562
13564
13566
13567
13568
13572
13577
13578
13582
13584
13586
13587
13588
13592
13597
13598
13604
13605
13606
13607
13608
13613
13614
13615
13620
13621
13622
13623
13626
13627
13628
13629
13630
13631
13632
13633
13634
13635
13637
13639
13640
13642
13643
13644
13648
13653
13654
13658
13659
13660
13664
13669
13670
13674
13676
13678
13679
13680
13684
13689
13690
13697
13699
13701
13702
13703
13707
13712
13713
13717
13719
13721
13722
13723
13727
13732
13733
13739
13740
13741
13742
13743
13747
13750
13752
13753
13754
13755
13756
13757
13758
13759
13760
13761
13763
13765
13766
13768
13769
13770
13774
13779
13780
13784
13785
13786
13790
13795
13796
13800
13802
13804
13805
13806
13810
13815
13816
13823
13825
13827
13828
13829
13833
13838
13839
13843
13845
13847
13848
13849
13853
13858
13859
13865
13866
13867
13868
13869
13874
13875
13876
13881
13882
13883
13884
13887
13888
13889
13890
13891
13892
13893
13894
13895
13896
13898
13900
13901
13903
13904
13905
13909
13914
13915
13919
13920
13921
13925
13930
13931
13935
13937
13939
13940
13941
13945
13950
13951
13958
13960
13962
13963
13964
13968
13973
13974
13978
13980
13982
13983
13984
13988
13993
13994
14000
14001
14002
14003
14004
14008
14011
14013
14014
14015
14016
14017
14018
14019
14020
14021
14022
14024
14026
14027
14029
14030
14031
14035
14040
14041
14045
14046
14047
14051
14056
14057
14061
14063
14065
14066
14067
14071
14076
14077
14084
14086
14088
14089
14090
14094
14099
14100
14104
14106
14108
14109
14110
14114
14119
14120
14126
14127
14128
14129
14130
14135
14136
14137
14142
14143
14144
14145
14148
14149
14150
14151
14152
14153
14154
14155
14156
14157
14159
14161
14162
14164
14165
14166
14170
14175
14176
14180
14181
14182
14186
14191
14192
14196
14198
14200
14201
14202
14206
14211
14212
14219
14221
14223
14224
14225
14229
14234
14235
14239
14241
14243
14244
14245
14249
14254
14255
14261
14262
14263
14264
14265
14269
14272
14274
14275
14276
14277
14278
14279
14280
14281
14282
14283
14285
14287
14288
14290
14291
14292
14296
14301
14302
14306
14307
14308
14312
14317
14318
14322
14324
14326
14327
14328
14332
14337
14338
14345
14347
14349
14350
14351
14355
14360
14361
14365
14367
14369
14370
14371
14375
14380
14381
14387
14388
14389
14390
14391
14396
14397
14398
14403
14404
14405
14406
14409
14410
14411
14412
14413
14414
14415
14416
14417
14418
14420
14422
14423
14425
14426
14427
14431
14436
14437
14441
14442
14443
14447
14452
14453
14457
14459
14461
14462
14463
14467
14472
14473
14480
14482
14484
14485
14486
14490
14495
14496
14500
14502
14504
14505
14506
14510
14515
14516
14522
14523
14524
14525
14526
14530
14533
14535
14536
14537
14538
14539
14540
14541
14542
14543
14544
14546
14548
14549
14551
14552
14553
14557
14562
14563
14567
14568
14569
14573
14578
14579
14583
14585
14587
14588
14589
14593
14598
14599
14606
14608
14610
14611
14612
14616
14621
14622
14626
14628
14630
14631
14632
14636
14641
14642
14648
14649
14650
14651
14652
14657
14658
14659
14664
14665
14666
14667
14670
14671
14672
14673
14674
14675
14676
14677
14678
14679
14681
14683
14684
14686
14687
14688
14692
14697
14698
14702
14703
14704
14708
14713
14714
14718
14720
14722
14723
14724
14728
14733
14734
14741
14743
14745
14746
14747
14751
14756
14757
14761
14763
14765
14766
14767
14771
14776
14777
14783
14784
14785
14786
14787
14791
14794
14796
14797
14798
14799
14800
14801
14802
14803
14804
14805
14807
14809
14810
14812
14813
14814
14818
14823
14824
14828
14829
14830
14834
14839
14840
14844
14846
14848
14849
14850
14854
14859
14860
14867
14869
14871
14872
14873
14877
14882
14883
14887
14889
14891
14892
14893
14897
14902
14903
14909
14910
14911
14912
14913
14918
14919
14920
14925
14926
14927
14928
14931
14932
14933
14934
14935
14936
14937
14938
14939
14940
14942
14944
14945
14947
14948
14949
14953
14958
14959
14963
14964
14965
14969
14974
14975
14979
14981
14983
14984
14985
14989
14994
14995
15002
15004
15006
15007
15008
15012
15017
15018
15022
15024
15026
15027
15028
15032
15037
15038
15044
15045
15046
15047
15048
15052
15055
15057
15058
15059
15060
15061
15062
15063
15064
15065
15066
15068
15070
15071
15073
15074
15075
15079
15084
15085
15089
15090
15091
15095
15100
15101
15105
15107
15109
15110
15111
15115
15120
15121
15128
15130
15132
15133
15134
15138
15143
15144
15148
15150
15152
15153
15154
15158
15163
15164
15170
15171
15172
15173
15174
15179
15180
15181
15186
15187
15188
15189
15192
15193
15194
15195
15196
15197
15198
15199
15200
15201
15203
15205
15206
15208
15209
15210
15214
15219
15220
15224
15225
15226
15230
15235
15236
15240
15242
15244
15245
15246
15250
15255
15256
15263
15265
15267
15268
15269
15273
15278
15279
15283
15285
15287
15288
15289
15293
15298
15299
15305
15306
15307
15308
15309
15313
15316
15318
15319
15320
15321
15322
15323
15324
15325
15326
15327
15329
15331
15332
15334
15335
15336
15340
15345
15346
15350
15351
15352
15356
15361
15362
15366
15368
15370
15371
15372
15376
15381
15382
15389
15391
15393
15394
15395
15399
15404
15405
15409
15411
15413
15414
15415
15419
15424
15425
15431
15432
15433
15434
15435
15440
15441
15442
15447
15448
15449
15450
15453
15454
15455
15456
15457
15458
15459
15460
15461
15462
15464
15466
15467
15469
15470
15471
15475
15480
15481
15485
15486
15487
15491
15496
15497
15501
15503
15505
15506
15507
15511
15516
15517
15524
15526
15528
15529
15530
15534
15539
15540
15544
15546
15548
15549
15550
15554
15559
15560
15566
15567
15568
15569
15570
15574
15577
15579
15580
15581
15582
15583
15584
15585
15586
15587
15588
15590
15592
15593
15595
15596
15597
15601
15606
15607
15611
15612
15613
15617
15622
15623
15627
15629
15631
15632
15633
15637
15642
15643
15650
15652
15654
15655
15656
15660
15665
15666
15670
15672
15674
15675
15676
15680
15685
15686
15692
15693
15694
15695
15696
15701
15702
15703
15708
15709
15710
15711
15714
15715
15716
15717
15718
15719
15720
15721
15722
15723
15725
15727
15728
15730
15731
15732
15736
15741
15742
15746
15747
15748
15752
15757
15758
15762
15764
15766
15767
15768
15772
15777
15778
15785
15787
15789
15790
15791
15795
15800
15801
15805
15807
15809
15810
15811
15815
15820
15821
15827
15828
15829
15830
15831
15835
15838
15840
15841
15842
15843
15844
15845
15846
15847
15848
15849
15851
15853
15854
15856
15857
15858
15862
15867
15868
15872
15873
15874
15878
15883
15884
15888
15890
15892
15893
15894
15898
15903
15904
15911
15913
15915
15916
15917
15921
15926
15927
15931
15933
15935
15936
15937
15941
15946
15947
15953
15954
15955
15956
15957
15962
15963
15964
15969
15970
15971
15972
15975
15976
15977
15978
15979
15980
15981
15982
15983
15984
15986
15988
15989
15991
15992
15993
15997
16002
16003
16007
16008
16009
16013
16018
16019
16023
16025
16027
16028
16029
16033
16038
16039
16046
16048
16050
16051
16052
16056
16061
16062
16066
16068
16070
16071
16072
16076
16081
16082
16088
16089
16090
16091
16092
16096
16099
16101
16102
16103
16104
16105
16106
16107
16108
16109
16110
16112
16114
16115
16117
16118
16119
16123
16128
16129
16133
16134
16135
16139
16144
16145
16149
16151
16153
16154
16155
16159
16164
16165
16172
16174
16176
16177
16178
16182
16187
16188
16192
16194
16196
16197
16198
16202
16207
16208
16214
16215
16216
16217
16218
16223
16224
16225
16230
16231
16232
16233
16236
16237
16238
16239
16240
16241
16242
16243
16244
16245
16247
16249
16250
16252
16253
16254
16258
16263
16264
16268
16269
16270
16274
16279
16280
16284
16286
16288
16289
16290
16294
16299
16300
16307
16309
16311
16312
16313
16317
16322
16323
16327
16329
16331
16332
16333
16337
16342
16343
16349
16350
16351
16352
16353
16357
16360
16362
16363
16364
16365
16366
16367
16368
16369
16370
16371
16373
16375
16376
16378
16379
16380
16384
16389
16390
16394
16395
16396
16400
16405
16406
16410
16412
16414
16415
16416
16420
16425
16426
16433
16435
16437
16438
16439
16443
16448
16449
16453
16455
16457
16458
16459
16463
16468
16469
16475
16476
16477
16478
16479
16484
16485
16486
16491
16492
16493
16494
16497
16498
16499
16500
16501
16502
16503
16504
16505
16506
16508
16510
16511
16513
16514
16515
16519
16524
16525
16529
16530
16531
16535
16540
16541
16545
16547
16549
16550
16551
16555
16560
16561
16568
16570
16572
16573
16574
16578
16583
16584
16588
16590
16592
16593
16594
16598
16603
16604
16610
16611
16612
16613
16614
16618
16621
16623
16624
16625
16626
16627
16628
16629
16630
16631
16632
16634
16636
16637
16639
16640
16641
16645
16650
16651
16655
16656
16657
16661
16666
16667
16671
16673
16675
16676
16677
16681
16686
16687
16694
16696
16698
16699
16700
16704
16709
16710
16714
16716
16718
16719
16720
16724
16729
16730
16736
16737
16738
16739
16740
16745
16746
16747
16748
16749
16750
16751
16752
16754
16758
16759
16760
16761
16762
16763
16764
16765
16766
16767
16768
16769
16771
16772
16777
16778
16779
16780
16783
16784
16785
16786
16787
16788
16789
16790
16791
16792
16794
16796
16797
16799
16800
16801
16805
16810
16811
16815
16816
16817
16821
16826
16827
16831
16833
16835
16836
16837
16841
16846
16847
16854
16856
16858
16859
16860
16864
16869
16870
16874
16876
16878
16879
16880
16884
16889
16890
16896
16897
16898
16899
16900
16904
16907
16909
16910
16911
16912
16913
16914
16915
16916
16917
16918
16920
16922
16923
16925
16926
16927
16931
16936
16937
16941
16942
16943
16947
16952
16953
16957
16959
16961
16962
16963
16967
16972
16973
16980
16982
16984
16985
16986
16990
16995
16996
17000
17002
17004
17005
17006
17010
17015
17016
17022
17023
17024
17025
17026
17031
17032
17033
17038
17039
17040
17041
17044
17045
17046
17047
17048
17049
17050
17051
17052
17053
17055
17057
17058
17060
17061
17062
17066
17071
17072
17076
17077
17078
17082
17087
17088
17092
17094
17096
17097
17098
17102
17107
17108
17115
17117
17119
17120
17121
17125
17130
17131
17135
17137
17139
17140
17141
17145
17150
17151
17157
17158
17159
17160
17161
17165
17168
17170
17171
17172
17173
17174
17175
17176
17177
17178
17179
17181
17183
17184
17186
17187
17188
17192
17197
17198
17202
17203
17204
17208
17213
17214
17218
17220
17222
17223
17224
17228
17233
17234
17241
17243
17245
17246
17247
17251
17256
17257
17261
17263
17265
17266
17267
17271
17276
17277
17283
17284
17285
17286
17287
17292
17293
17294
17299
17300
17301
17302
17305
17306
17307
17308
17309
17310
17311
17312
17313
17314
17316
17318
17319
17321
17322
17323
17327
17332
17333
17337
17338
17339
17343
17348
17349
17353
17355
17357
17358
17359
17363
17368
17369
17376
17378
17380
17381
17382
17386
17391
17392
17396
17398
17400
17401
17402
17406
17411
17412
17418
17419
17420
17421
17422
17426
17429
17431
17432
17433
17434
17435
17436
17437
17438
17439
17440
17442
17444
17445
17447
17448
17449
17453
17458
17459
17463
17464
17465
17469
17474
17475
17479
17481
17483
17484
17485
17489
17494
17495
17502
17504
17506
17507
17508
17512
17517
17518
17522
17524
17526
17527
17528
17532
17537
17538
17544
17545
17546
17547
17548
17553
17554
17555
17560
17561
17562
17563
17566
17567
17568
17569
17570
17571
17572
17573
17574
17575
17577
17579
17580
17582
17583
17584
17588
17593
17594
17598
17599
17600
17604
17609
17610
17614
17616
17618
17619
17620
17624
17629
17630
17637
17639
17641
17642
17643
17647
17652
17653
17657
17659
17661
17662
17663
17667
17672
17673
17679
17680
17681
17682
17683
17687
17690
17692
17693
17694
17695
17696
17697
17698
17699
17700
17701
17703
17705
17706
17708
17709
17710
17714
17719
17720
17724
17725
17726
17730
17735
17736
17740
17742
17744
17745
17746
17750
17755
17756
17763
17765
17767
17768
17769
17773
17778
17779
17783
17785
17787
17788
17789
17793
17798
17799
17805
17806
17807
17808
17809
17814
17815
17816
17821
17822
17823
17824
17827
17828
17829
17830
17831
17832
17833
17834
17835
17836
17838
17840
17841
17843
17844
17845
17849
17854
17855
17859
17860
17861
17865
17870
17871
17875
17877
17879
17880
17881
17885
17890
17891
17898
17900
17902
17903
17904
17908
17913
17914
17918
17920
17922
17923
17924
17928
17933
17934
17940
17941
17942
17943
17944
17948
17951
17953
17954
17955
17956
17957
17958
17959
17960
17961
17962
17964
17966
17967
17969
17970
17971
17975
17980
17981
17985
17986
17987
17991
17996
17997
18001
18003
18005
18006
18007
18011
18016
18017
18024
18026
18028
18029
18030
18034
18039
18040
18044
18046
18048
18049
18050
18054
18059
18060
18066
18067
18068
18069
18070
18075
18076
18077
18082
18083
18084
18085
18088
18089
18090
18091
18092
18093
18094
18095
18096
18097
18099
18101
18102
18104
18105
18106
18110
18115
18116
18120
18121
18122
18126
18131
18132
18136
18138
18140
18141
18142
18146
18151
18152
18159
18161
18163
18164
18165
18169
18174
18175
18179
18181
18183
18184
18185
18189
18194
18195
18201
18202
18203
18204
18205
18209
18212
18214
18215
18216
18217
18218
18219
18220
18221
18222
18223
18225
18227
18228
18230
18231
18232
18236
18241
18242
18246
18247
18248
18252
18257
18258
18262
18264
18266
18267
18268
18272
18277
18278
18285
18287
18289
18290
18291
18295
18300
18301
18305
18307
18309
18310
18311
18315
18320
18321
18327
18328
18329
18330
18331
18336
18337
18338
18343
18344
18345
18346
18349
18350
18351
18352
18353
18354
18355
18356
18357
18358
18360
18362
18363
18365
18366
18367
18371
18376
18377
18381
18382
18383
18387
18392
18393
18397
18399
18401
18402
18403
18407
18412
18413
18420
18422
18424
18425
18426
18430
18435
18436
18440
18442
18444
18445
18446
18450
18455
18456
18462
18463
18464
18465
18466
18470
18473
18475
18476
18477
18478
18479
18480
18481
18482
18483
18484
18486
18488
18489
18491
18492
18493
18497
18502
18503
18507
18508
18509
18513
18518
18519
18523
18525
18527
18528
18529
18533
18538
18539
18546
18548
18550
18551
18552
18556
18561
18562
18566
18568
18570
18571
18572
18576
18581
18582
18588
18589
18590
18591
18592
18597
18598
18599
18604
18605
18606
18607
18610
18611
18612
18613
18614
18615
18616
18617
18618
18619
18621
18623
18624
18626
18627
18628
18632
18637
18638
18642
18643
18644
18648
18653
18654
18658
18660
18662
18663
18664
18668
18673
18674
18681
18683
18685
18686
18687
18691
18696
18697
18701
18703
18705
18706
18707
18711
18716
18717
18723
18724
18725
18726
18727
18731
18734
18736
18737
18738
18739
18740
18741
18742
18743
18744
18745
18747
18749
18750
18752
18753
18754
18758
18763
18764
18768
18769
18770
18774
18779
18780
18784
18786
18788
18789
18790
18794
18799
18800
18807
18809
18811
18812
18813
18817
18822
18823
18827
18829
18831
18832
18833
18837
18842
18843
18849
18850
18851
18852
18853
18858
18859
18860
18865
18866
18867
18868
18871
18872
18873
18874
18875
18876
18877
18878
18879
18880
18882
18884
18885
18887
18888
18889
18893
18898
18899
18903
18904
18905
18909
18914
18915
18919
18921
18923
18924
18925
18929
18934
18935
18942
18944
18946
18947
18948
18952
18957
18958
18962
18964
18966
18967
18968
18972
18977
18978
18984
18985
18986
18987
18988
18992
18995
18997
18998
18999
19000
19001
19002
19003
19004
19005
19006
19008
19010
19011
19013
19014
19015
19019
19024
19025
19029
19030
19031
19035
19040
19041
19045
19047
19049
19050
19051
19055
19060
19061
19068
19070
19072
19073
19074
19078
19083
19084
19088
19090
19092
19093
19094
19098
19103
19104
19110
19111
19112
19113
19114
19119
19120
19121
19126
19127
19128
19129
19132
19133
19134
19135
19136
19137
19138
19139
19140
19141
19143
19145
19146
19148
19149
19150
19154
19159
19160
19164
19165
19166
19170
19175
19176
19180
19182
19184
19185
19186
19190
19195
19196
19203
19205
19207
19208
19209
19213
19218
19219
19223
19225
19227
19228
19229
19233
19238
19239
19245
19246
19247
19248
19249
19253
19256
19258
19259
19260
19261
19262
19263
19264
19265
19266
19267
19269
19271
19272
19274
19275
19276
19280
19285
19286
19290
19291
19292
19296
19301
19302
19306
19308
19310
19311
19312
19316
19321
19322
19329
19331
19333
19334
19335
19339
19344
19345
19349
19351
19353
19354
19355
19359
19364
19365
19371
19372
19373
19374
19375
19380
19381
19382
19387
19388
19389
19390
19393
19394
19395
19396
19397
19398
19399
19400
19401
19402
19404
19406
19407
19409
19410
19411
19415
19420
19421
19425
19426
19427
19431
19436
19437
19441
19443
19445
19446
19447
19451
19456
19457
19464
19466
19468
19469
19470
19474
19479
19480
19484
19486
19488
19489
19490
19494
19499
19500
19506
19507
19508
19509
19510
19514
19517
19519
19520
19521
19522
19523
19524
19525
19526
19527
19528
19530
19532
19533
19535
19536
19537
19541
19546
19547
19551
19552
19553
19557
19562
19563
19567
19569
19571
19572
19573
19577
19582
19583
19590
19592
19594
19595
19596
19600
19605
19606
19610
19612
19614
19615
19616
19620
19625
19626
19632
19633
19634
19635
19636
19641
19642
19643
19648
19649
19650
19651
19654
19655
19656
19657
19658
19659
19660
19661
19662
19663
19665
19667
19668
19670
19671
19672
19676
19681
19682
19686
19687
19688
19692
19697
19698
19702
19704
19706
19707
19708
19712
19717
19718
19725
19727
19729
19730
19731
19735
19740
19741
19745
19747
19749
19750
19751
19755
19760
19761
19767
19768
19769
19770
19771
19775
19778
19780
19781
19782
19783
19784
19785
19786
19787
19788
19789
19791
19793
19794
19796
19797
19798
19802
19807
19808
19812
19813
19814
19818
19823
19824
19828
19830
19832
19833
19834
19838
19843
19844
19851
19853
19855
19856
19857
19861
19866
19867
19871
19873
19875
19876
19877
19881
19886
19887
19893
19894
19895
19896
19897
19902
19903
19904
19909
19910
19911
19912
19915
19916
19917
19918
19919
19920
19921
19922
19923
19924
19926
19928
19929
19931
19932
19933
19937
19942
19943
19947
19948
19949
19953
19958
19959
19963
19965
19967
19968
19969
19973
19978
19979
19986
19988
19990
19991
19992
19996
20001
20002
20006
20008
20010
20011
20012
20016
20021
20022
20028
20029
20030
20031
20032
20036
20039
20041
20042
20043
20044
20045
20046
20047
20048
20049
20050
20052
20054
20055
20057
20058
20059
20063
20068
20069
20073
20074
20075
20079
20084
20085
20089
20091
20093
20094
20095
20099
20104
20105
20112
20114
20116
20117
20118
20122
20127
20128
20132
20134
20136
20137
20138
20142
20147
20148
20154
20155
20156
20157
20158
20163
20164
20165
20170
20171
20172
20173
20176
20177
20178
20179
20180
20181
20182
20183
20184
20185
20187
20189
20190
20192
20193
20194
20198
20203
20204
20208
20209
20210
20214
20219
20220
20224
20226
20228
20229
20230
20234
20239
20240
20247
20249
20251
20252
20253
20257
20262
20263
20267
20269
20271
20272
20273
20277
20282
20283
20289
20290
20291
20292
20293
20297
20300
20302
20303
20304
20305
20306
20307
20308
20309
20310
20311
20313
20315
20316
20318
20319
20320
20324
20329
20330
20334
20335
20336
20340
20345
20346
20350
20352
20354
20355
20356
20360
20365
20366
20373
20375
20377
20378
20379
20383
20388
20389
20393
20395
20397
20398
20399
20403
20408
20409
20415
20416
20417
20418
20419
20424
20425
20426
20431
20432
20433
20434
20437
20438
20439
20440
20441
20442
20443
20444
20445
20446
20448
20450
20451
20453
20454
20455
20459
20464
20465
20469
20470
20471
20475
20480
20481
20485
20487
20489
20490
20491
20495
20500
20501
20508
20510
20512
20513
20514
20518
20523
20524
20528
20530
20532
20533
20534
20538
20543
20544
20550
20551
20552
20553
20554
20558
20561
20563
20564
20565
20566
20567
20568
20569
20570
20571
20572
20574
20576
20577
20579
20580
20581
20585
20590
20591
20595
20596
20597
20601
20606
20607
20611
20613
20615
20616
20617
20621
20626
20627
20634
20636
20638
20639
20640
20644
20649
20650
20654
20656
20658
20659
20660
20664
20669
20670
20676
20677
20678
20679
20680
20685
20686
20687
20692
20693
20694
20695
20698
20699
20700
20701
20702
20703
20704
20705
20706
20707
20709
20711
20712
20714
20715
20716
20720
20725
20726
20730
20731
20732
20736
20741
20742
20746
20748
20750
20751
20752
20756
20761
20762
20769
20771
20773
20774
20775
20779
20784
20785
20789
20791
20793
20794
20795
20799
20804
20805
20811
20812
20813
20814
20815
20819
20822
20824
20825
20826
20827
20828
20829
20830
20831
20832
20833
20835
20837
20838
20840
20841
20842
20846
20851
20852
20856
20857
20858
20862
20867
20868
20872
20874
20876
20877
20878
20882
20887
20888
20895
20897
20899
20900
20901
20905
20910
20911
20915
20917
20919
20920
20921
20925
20930
20931
20937
20938
20939
20940
20941
20946
20947
20948
20953
20954
20955
20956
20959
20960
20961
20962
20963
20964
20965
20966
20967
20968
20970
20972
20973
20975
20976
20977
20981
20986
20987
20991
20992
20993
20997
21002
21003
21007
21009
21011
21012
21013
21017
21022
21023
21030
21032
21034
21035
21036
21040
21045
21046
21050
21052
21054
21055
21056
21060
21065
21066
21072
21073
21074
21075
21076
21080
21083
21085
21086
21087
21088
21089
21090
21091
21092
21093
21094
21096
21098
21099
21101
21102
21103
21107
21112
21113
21117
21118
21119
21123
21128
21129
21133
21135
21137
21138
21139
21143
21148
21149
21156
21158
21160
21161
21162
21166
21171
21172
21176
21178
21180
21181
21182
21186
21191
21192
21198
21199
21200
21201
21202
21207
21208
21209
21214
21215
21216
21217
21220
21221
21222
21223
21224
21225
21226
21227
21228
21229
21231
21233
21234
21236
21237
21238
21242
21247
21248
21252
21253
21254
21258
21263
21264
21268
21270
21272
21273
21274
21278
21283
21284
21291
21293
21295
21296
21297
21301
21306
21307
21311
21313
21315
21316
21317
21321
21326
21327
21333
21334
21335
21336
21337
21341
21344
21346
21347
21348
21349
21350
21351
21352
21353
21354
21355
21357
21359
21360
21362
21363
21364
21368
21373
21374
21378
21379
21380
21384
21389
21390
21394
21396
21398
21399
21400
21404
21409
21410
21417
21419
21421
21422
21423
21427
21432
21433
21437
21439
21441
21442
21443
21447
21452
21453
21459
21460
21461
21462
21463
21468
21469
21470
21475
21476
21477
21478
21481
21482
21483
21484
21485
21486
21487
21488
21489
21490
21492
21494
21495
21497
21498
21499
21503
21508
21509
21513
21514
21515
21519
21524
21525
21529
21531
21533
21534
21535
21539
21544
21545
21552
21554
21556
21557
21558
21562
21567
21568
21572
21574
21576
21577
21578
21582
21587
21588
21594
21595
21596
21597
21598
21602
21605
21607
21608
21609
21610
21611
21612
21613
21614
21615
21616
21618
21620
21621
21623
21624
21625
21629
21634
21635
21639
21640
21641
21645
21650
21651
21655
21657
21659
21660
21661
21665
21670
21671
21678
21680
21682
21683
21684
21688
21693
21694
21698
21700
21702
21703
21704
21708
21713
21714
21720
21721
21722
21723
21724
21729
21730
21731
21736
21737
21738
21739
21742
21743
21744
21745
21746
21747
21748
21749
21750
21751
21753
21755
21756
21758
21759
21760
21764
21769
21770
21774
21775
21776
21780
21785
21786
21790
21792
21794
21795
21796
21800
21805
21806
21813
21815
21817
21818
21819
21823
21828
21829
21833
21835
21837
21838
21839
21843
21848
21849
21855
21856
21857
21858
21859
21863
21866
21868
21869
21870
21871
21872
21873
21874
21875
21876
21877
21879
21881
21882
21884
21885
21886
21890
21895
21896
21900
21901
21902
21906
21911
21912
21916
21918
21920
21921
21922
21926
21931
21932
21939
21941
21943
21944
21945
21949
21954
21955
21959
21961
21963
21964
21965
21969
21974
21975
21981
21982
21983
21984
21985
21990
21991
21992
21997
21998
21999
22000
22003
22004
22005
22006
22007
22008
22009
22010
22011
22012
22014
22016
22017
22019
22020
22021
22025
22030
22031
22035
22036
22037
22041
22046
22047
22051
22053
22055
22056
22057
22061
22066
22067
22074
22076
22078
22079
22080
22084
22089
22090
22094
22096
22098
22099
22100
22104
22109
22110
22116
22117
22118
22119
22120
22124
22127
22129
22130
22131
22132
22133
22134
22135
22136
22137
22138
22140
22142
22143
22145
22146
22147
22151
22156
22157
22161
22162
22163
22167
22172
22173
22177
22179
22181
22182
22183
22187
22192
22193
22200
22202
22204
22205
22206
22210
22215
22216
22220
22222
22224
22225
22226
22230
22235
22236
22242
22243
22244
22245
22246
22251
22252
22253
22258
22259
22260
22261
22264
22265
22266
22267
22268
22269
22270
22271
22272
22273
22275
22277
22278
22280
22281
22282
22286
22291
22292
22296
22297
22298
22302
22307
22308
22312
22314
22316
22317
22318
22322
22327
22328
22335
22337
22339
22340
22341
22345
22350
22351
22355
22357
22359
22360
22361
22365
22370
22371
22377
22378
22379
22380
22381
22385
22388
22390
22391
22392
22393
22394
22395
22396
22397
22398
22399
22401
22403
22404
22406
22407
22408
22412
22417
22418
22422
22423
22424
22428
22433
22434
22438
22440
22442
22443
22444
22448
22453
22454
22461
22463
22465
22466
22467
22471
22476
22477
22481
22483
22485
22486
22487
22491
22496
22497
22503
22504
22505
22506
22507
22512
22513
22514
22519
22520
22521
22522
22525
22526
22527
22528
22529
22530
22531
22532
22533
22534
22536
22538
22539
22541
22542
22543
22547
22552
22553
22557
22558
22559
22563
22568
22569
22573
22575
22577
22578
22579
22583
22588
22589
22596
22598
22600
22601
22602
22606
22611
22612
22616
22618
22620
22621
22622
22626
22631
22632
22638
22639
22640
22641
22642
22646
22649
22651
22652
22653
22654
22655
22656
22657
22658
22659
22660
22662
22664
22665
22667
22668
22669
22673
22678
22679
22683
22684
22685
22689
22694
22695
22699
22701
22703
22704
22705
22709
22714
22715
22722
22724
22726
22727
22728
22732
22737
22738
22742
22744
22746
22747
22748
22752
22757
22758
22764
22765
22766
22767
22768
22773
22774
22775
22780
22781
22782
22783
22786
22787
22788
22789
22790
22791
22792
22793
22794
22795
22797
22799
22800
22802
22803
22804
22808
22813
22814
22818
22819
22820
22824
22829
22830
22834
22836
22838
22839
22840
22844
22849
22850
22857
22859
22861
22862
22863
22867
22872
22873
22877
22879
22881
22882
22883
22887
22892
22893
22899
22900
22901
22902
22903
22907
22910
22912
22913
22914
22915
22916
22917
22918
22919
22920
22921
22923
22925
22926
22928
22929
22930
22934
22939
22940
22944
22945
22946
22950
22955
22956
22960
22962
22964
22965
22966
22970
22975
22976
22983
22985
22987
22988
22989
22993
22998
22999
23003
23005
23007
23008
23009
23013
23018
23019
23025
23026
23027
23028
23029
23034
23035
23036
23041
23042
23043
23044
23047
23048
23049
23050
23051
23052
23053
23054
23055
23056
23058
23060
23061
23063
23064
23065
23069
23074
23075
23079
23080
23081
23085
23090
23091
23095
23097
23099
23100
23101
23105
23110
23111
23118
23120
23122
23123
23124
23128
23133
23134
23138
23140
23142
23143
23144
23148
23153
23154
23160
23161
23162
23163
23164
23168
23171
23173
23174
23175
23176
23177
23178
23179
23180
23181
23182
23184
23186
23187
23189
23190
23191
23195
23200
23201
23205
23206
23207
23211
23216
23217
23221
23223
23225
23226
23227
23231
23236
23237
23244
23246
23248
23249
23250
23254
23259
23260
23264
23266
23268
23269
23270
23274
23279
23280
23286
23287
23288
23289
23290
23295
23296
23297
23302
23303
23304
23305
23308
23309
23310
23311
23312
23313
23314
23315
23316
23317
23319
23321
23322
23324
23325
23326
23330
23335
23336
23340
23341
23342
23346
23351
23352
23356
23358
23360
23361
23362
23366
23371
23372
23379
23381
23383
23384
23385
23389
23394
23395
23399
23401
23403
23404
23405
23409
23414
23415
23421
23422
23423
23424
23425
23429
23432
23434
23435
23436
23437
23438
23439
23440
23441
23442
23443
23445
23447
23448
23450
23451
23452
23456
23461
23462
23466
23467
23468
23472
23477
23478
23482
23484
23486
23487
23488
23492
23497
23498
23505
23507
23509
23510
23511
23515
23520
23521
23525
23527
23529
23530
23531
23535
23540
23541
23547
23548
23549
23550
23551
23556
23557
23558
23563
23564
23565
23566
23569
23570
23571
23572
23573
23574
23575
23576
23577
23578
23580
23582
23583
23585
23586
23587
23591
23596
23597
23601
23602
23603
23607
23612
23613
23617
23619
23621
23622
23623
23627
23632
23633
23640
23642
23644
23645
23646
23650
23655
23656
23660
23662
23664
23665
23666
23670
23675
23676
23682
23683
23684
23685
23686
23690
23693
23695
23696
23697
23698
23699
23700
23701
23702
23703
23704
23706
23708
23709
23711
23712
23713
23717
23722
23723
23727
23728
23729
23733
23738
23739
23743
23745
23747
23748
23749
23753
23758
23759
23766
23768
23770
23771
23772
23776
23781
23782
23786
23788
23790
23791
23792
23796
23801
23802
23808
23809
23810
23811
23812
23817
23818
23819
23824
23825
23826
23827
23830
23831
23832
23833
23834
23835
23836
23837
23838
23839
23841
23843
23844
23846
23847
23848
23852
23857
23858
23862
23863
23864
23868
23873
23874
23878
23880
23882
23883
23884
23888
23893
23894
23901
23903
23905
23906
23907
23911
23916
23917
23921
23923
23925
23926
23927
23931
23936
23937
23943
23944
23945
23946
23947
23951
23954
23956
23957
23958
23959
23960
23961
23962
23963
23964
23965
23967
23969
23970
23972
23973
23974
23978
23983
23984
23988
23989
23990
23994
23999
24000
24004
24006
24008
24009
24010
24014
24019
24020
24027
24029
24031
24032
24033
24037
24042
24043
24047
24049
24051
24052
24053
24057
24062
24063
24069
24070
24071
24072
24073
24078
24079
24080
24085
24086
24087
24088
24091
24092
24093
24094
24095
24096
24097
24098
24099
24100
24102
24104
24105
24107
24108
24109
24113
24118
24119
24123
24124
24125
24129
24134
24135
24139
24141
24143
24144
24145
24149
24154
24155
24162
24164
24166
24167
24168
24172
24177
24178
24182
24184
24186
24187
24188
24192
24197
24198
24204
24205
24206
24207
24208
24212
24215
24217
24218
24219
24220
24221
24222
24223
24224
24225
24226
24228
24230
24231
24233
24234
24235
24239
24244
24245
24249
24250
24251
24255
24260
24261
24265
24267
24269
24270
24271
24275
24280
24281
24288
24290
24292
24293
24294
24298
24303
24304
24308
24310
24312
24313
24314
24318
24323
24324
24330
24331
24332
24333
24334
24339
24340
24341
24346
24347
24348
24349
24352
24353
24354
24355
24356
24357
24358
24359
24360
24361
24363
24365
24366
24368
24369
24370
24374
24379
24380
24384
24385
24386
24390
24395
24396
24400
24402
24404
24405
24406
24410
24415
24416
24423
24425
24427
24428
24429
24433
24438
24439
24443
24445
24447
24448
24449
24453
24458
24459
24465
24466
24467
24468
24469
24473
24476
24478
24479
24480
24481
24482
24483
24484
24485
24486
24487
24489
24491
24492
24494
24495
24496
24500
24505
24506
24510
24511
24512
24516
24521
24522
24526
24528
24530
24531
24532
24536
24541
24542
24549
24551
24553
24554
24555
24559
24564
24565
24569
24571
24573
24574
24575
24579
24584
24585
24591
24592
24593
24594
24595
24600
24601
24602
24607
24608
24609
24610
24613
24614
24615
24616
24617
24618
24619
24620
24621
24622
24624
24626
24627
24629
24630
24631
24635
24640
24641
24645
24646
24647
24651
24656
24657
24661
24663
24665
24666
24667
24671
24676
24677
24684
24686
24688
24689
24690
24694
24699
24700
24704
24706
24708
24709
24710
24714
24719
24720
24726
24727
24728
24729
24730
24734
24737
24739
24740
24741
24742
24743
24744
24745
24746
24747
24748
24750
24752
24753
24755
24756
24757
24761
24766
24767
24771
24772
24773
24777
24782
24783
24787
24789
24791
24792
24793
24797
24802
24803
24810
24812
24814
24815
24816
24820
24825
24826
24830
24832
24834
24835
24836
24840
24845
24846
24852
24853
24854
24855
24856
24861
24862
24863
24868
24869
24870
24871
24874
24875
24876
24877
24878
24879
24880
24881
24882
24883
24885
24887
24888
24890
24891
24892
24896
24901
24902
24906
24907
24908
24912
24917
24918
24922
24924
24926
24927
24928
24932
24937
24938
24945
24947
24949
24950
24951
24955
24960
24961
24965
24967
24969
24970
24971
24975
24980
24981
24987
24988
24989
24990
24991
24995
24998
25000
25001
25002
25003
25004
25005
25006
25007
25008
25009
25011
25013
25014
25016
25017
25018
25022
25027
25028
25032
25033
25034
25038
25043
25044
25048
25050
25052
25053
25054
25058
25063
25064
25071
25073
25075
25076
25077
25081
25086
25087
25091
25093
25095
25096
25097
25101
25106
25107
25113
25114
25115
25116
25117
25122
25123
25124
25129
25130
25131
25132
25135
25136
25137
25138
25139
25140
25141
25142
25143
25144
25146
25148
25149
25151
25152
25153
25157
25162
25163
25167
25168
25169
25173
25178
25179
25183
25185
25187
25188
25189
25193
25198
25199
25206
25208
25210
25211
25212
25216
25221
25222
25226
25228
25230
25231
25232
25236
25241
25242
25248
25249
25250
25251
25252
25256
25259
25261
25262
25263
25264
25265
25266
25267
25268
25269
25270
25272
25274
25275
25277
25278
25279
25283
25288
25289
25293
25294
25295
25299
25304
25305
25309
25311
25313
25314
25315
25319
25324
25325
25332
25334
25336
25337
25338
25342
25347
25348
25352
25354
25356
25357
25358
25362
25367
25368
25374
25375
25376
25377
25378
25383
25384
25385
25390
25391
25392
25393
25396
25397
25398
25399
25400
25401
25402
25403
25404
25405
25407
25409
25410
25412
25413
25414
25418
25423
25424
25428
25429
25430
25434
25439
25440
25444
25446
25448
25449
25450
25454
25459
25460
25467
25469
25471
25472
25473
25477
25482
25483
25487
25489
25491
25492
25493
25497
25502
25503
25509
25510
25511
25512
25513
25517
25520
25522
25523
25524
25525
25526
25527
25528
25529
25530
25531
25533
25535
25536
25538
25539
25540
25544
25549
25550
25554
25555
25556
25560
25565
25566
25570
25572
25574
25575
25576
25580
25585
25586
25593
25595
25597
25598
25599
25603
25608
25609
25613
25615
25617
25618
25619
25623
25628
25629
25635
25636
25637
25638
25639
25644
25645
25646
25651
25652
25653
25654
25657
25658
25659
25660
25661
25662
25663
25664
25665
25666
25668
25670
25671
25673
25674
25675
25679
25684
25685
25689
25690
25691
25695
25700
25701
25705
25707
25709
25710
25711
25715
25720
25721
25728
25730
25732
25733
25734
25738
25743
25744
25748
25750
25752
25753
25754
25758
25763
25764
25770
25771
25772
25773
25774
25778
25781
25783
25784
25785
25786
25787
25788
25789
25790
25791
25792
25794
25796
25797
25799
25800
25801
25805
25810
25811
25815
25816
25817
25821
25826
25827
25831
25833
25835
25836
25837
25841
25846
25847
25854
25856
25858
25859
25860
25864
25869
25870
25874
25876
25878
25879
25880
25884
25889
25890
25896
25897
25898
25899
25900
25905
25906
25907
25912
25913
25914
25915
25918
25919
25920
25921
25922
25923
25924
25925
25926
25927
25929
25931
25932
25934
25935
25936
25940
25945
25946
25950
25951
25952
25956
25961
25962
25966
25968
25970
25971
25972
25976
25981
25982
25989
25991
25993
25994
25995
25999
26004
26005
26009
26011
26013
26014
26015
26019
26024
26025
26031
26032
26033
26034
26035
26039
26042
26044
26045
26046
26047
26048
26049
26050
26051
26052
26053
26055
26057
26058
26060
26061
26062
26066
26071
26072
26076
26077
26078
26082
26087
26088
26092
26094
26096
26097
26098
26102
26107
26108
26115
26117
26119
26120
26121
26125
26130
26131
26135
26137
26139
26140
26141
26145
26150
26151
26157
26158
26159
26160
26161
26166
26167
26168
26173
26174
26175
26176
26179
26180
26181
26182
26183
26184
26185
26186
26187
26188
26190
26192
26193
26195
26196
26197
26201
26206
26207
26211
26212
26213
26217
26222
26223
26227
26229
26231
26232
26233
26237
26242
26243
26250
26252
26254
26255
26256
26260
26265
26266
26270
26272
26274
26275
26276
26280
26285
26286
26292
26293
26294
26295
26296
26300
26303
26305
26306
26307
26308
26309
26310
26311
26312
26313
26314
26316
26318
26319
26321
26322
26323
26327
26332
26333
26337
26338
26339
26343
26348
26349
26353
26355
26357
26358
26359
26363
26368
26369
26376
26378
26380
26381
26382
26386
26391
26392
26396
26398
26400
26401
26402
26406
26411
26412
26418
26419
26420
26421
26422
26427
26428
26429
26434
26435
26436
26437
26440
26441
26442
26443
26444
26445
26446
26447
26448
26449
26451
26453
26454
26456
26457
26458
26462
26467
26468
26472
26473
26474
26478
26483
26484
26488
26490
26492
26493
26494
26498
26503
26504
26511
26513
26515
26516
26517
26521
26526
26527
26531
26533
26535
26536
26537
26541
26546
26547
26553
26554
26555
26556
26557
26561
26564
26566
26567
26568
26569
26570
26571
26572
26573
26574
26575
26577
26579
26580
26582
26583
26584
26588
26593
26594
26598
26599
26600
26604
26609
26610
26614
26616
26618
26619
26620
26624
26629
26630
26637
26639
26641
26642
26643
26647
26652
26653
26657
26659
26661
26662
26663
26667
26672
26673
26679
26680
26681
26682
26683
26688
26689
26690
26695
26696
26697
26698
26701
26702
26703
26704
26705
26706
26707
26708
26709
26710
26712
26714
26715
26717
26718
26719
26723
26728
26729
26733
26734
26735
26739
26744
26745
26749
26751
26753
26754
26755
26759
26764
26765
26772
26774
26776
26777
26778
26782
26787
26788
26792
26794
26796
26797
26798
26802
26807
26808
26814
26815
26816
26817
26818
26822
26825
26827
26828
26829
26830
26831
26832
26833
26834
26835
26836
26838
26840
26841
26843
26844
26845
26849
26854
26855
26859
26860
26861
26865
26870
26871
26875
26877
26879
26880
26881
26885
26890
26891
26898
26900
26902
26903
26904
26908
26913
26914
26918
26920
26922
26923
26924
26928
26933
26934
26940
26941
26942
26943
26944
26949
26950
26951
26956
26957
26958
26959
26962
26963
26964
26965
26966
26967
26968
26969
26970
26971
26973
26975
26976
26978
26979
26980
26984
26989
26990
26994
26995
26996
27000
27005
27006
27010
27012
27014
27015
27016
27020
27025
27026
27033
27035
27037
27038
27039
27043
27048
27049
27053
27055
27057
27058
27059
27063
27068
27069
27075
27076
27077
27078
27079
27083
27086
27088
27089
27090
27091
27092
27093
27094
27095
27096
27097
27099
27101
27102
27104
27105
27106
27110
27115
27116
27120
27121
27122
27126
27131
27132
27136
27138
27140
27141
27142
27146
27151
27152
27159
27161
27163
27164
27165
27169
27174
27175
27179
27181
27183
27184
27185
27189
27194
27195
27201
27202
27203
27204
27205
27210
27211
27212
27217
27218
27219
27220
27223
27224
27225
27226
27227
27228
27229
27230
27231
27232
27234
27236
27237
27239
27240
27241
27245
27250
27251
27255
27256
27257
27261
27266
27267
27271
27273
27275
27276
27277
27281
27286
27287
27294
27296
27298
27299
27300
27304
27309
27310
27314
27316
27318
27319
27320
27324
27329
27330
27336
27337
27338
27339
27340
27344
27347
27349
27350
27351
27352
27353
27354
27355
27356
27357
27358
27360
27362
27363
27365
27366
27367
27371
27376
27377
27381
27382
27383
27387
27392
27393
27397
27399
27401
27402
27403
27407
27412
27413
27420
27422
27424
27425
27426
27430
27435
27436
27440
27442
27444
27445
27446
27450
27455
27456
27462
27463
27464
27465
27466
27471
27472
27473
27478
27479
27480
27481
27484
27485
27486
27487
27488
27489
27490
27491
27492
27493
27495
27497
27498
27500
27501
27502
27506
27511
27512
27516
27517
27518
27522
27527
27528
27532
27534
27536
27537
27538
27542
27547
27548
27555
27557
27559
27560
27561
27565
27570
27571
27575
27577
27579
27580
27581
27585
27590
27591
27597
27598
27599
27600
27601
27605
27608
27610
27611
27612
27613
27614
27615
27616
27617
27618
27619
27621
27623
27624
27626
27627
27628
27632
27637
27638
27642
27643
27644
27648
27653
27654
27658
27660
27662
27663
27664
27668
27673
27674
27681
27683
27685
27686
27687
27691
27696
27697
27701
27703
27705
27706
27707
27711
27716
27717
27723
27724
27725
27726
27727
27732
27733
27734
27739
27740
27741
27742
27745
27746
27747
27748
27749
27750
27751
27752
27753
27754
27756
27758
27759
27761
27762
27763
27767
27772
27773
27777
27778
27779
27783
27788
27789
27793
27795
27797
27798
27799
27803
27808
27809
27816
27818
27820
27821
27822
27826
27831
27832
27836
27838
27840
27841
27842
27846
27851
27852
27858
27859
27860
27861
27862
27866
27869
27871
27872
27873
27874
27875
27876
27877
27878
27879
27880
27882
27884
27885
27887
27888
27889
27893
27898
27899
27903
27904
27905
27909
27914
27915
27919
27921
27923
27924
27925
27929
27934
27935
27942
27944
27946
27947
27948
27952
27957
27958
27962
27964
27966
27967
27968
27972
27977
27978
27984
27985
27986
27987
27988
27993
27994
27995
28000
28001
28002
28003
28006
28007
28008
28009
28010
28011
28012
28013
28014
28015
28017
28019
28020
28022
28023
28024
28028
28033
28034
28038
28039
28040
28044
28049
28050
28054
28056
28058
28059
28060
28064
28069
28070
28077
28079
28081
28082
28083
28087
28092
28093
28097
28099
28101
28102
28103
28107
28112
28113
28119
28120
28121
28122
28123
28127
28130
28132
28133
28134
28135
28136
28137
28138
28139
28140
28141
28143
28145
28146
28148
28149
28150
28154
28159
28160
28164
28165
28166
28170
28175
28176
28180
28182
28184
28185
28186
28190
28195
28196
28203
28205
28207
28208
28209
28213
28218
28219
28223
28225
28227
28228
28229
28233
28238
28239
28245
28246
28247
28248
28249
28254
28255
28256
28261
28262
28263
28264
28267
28268
28269
28270
28271
28272
28273
28274
28275
28276
28278
28280
28281
28283
28284
28285
28289
28294
28295
28299
28300
28301
28305
28310
28311
28315
28317
28319
28320
28321
28325
28330
28331
28338
28340
28342
28343
28344
28348
28353
28354
28358
28360
28362
28363
28364
28368
28373
28374
28380
28381
28382
28383
28384
28388
28391
28393
28394
28395
28396
28397
28398
28399
28400
28401
28402
28404
28406
28407
28409
28410
28411
28415
28420
28421
28425
28426
28427
28431
28436
28437
28441
28443
28445
28446
28447
28451
28456
28457
28464
28466
28468
28469
28470
28474
28479
28480
28484
28486
28488
28489
28490
28494
28499
28500
28506
28507
28508
28509
28510
28515
28516
28517
28522
28523
28524
28525
28528
28529
28530
28531
28532
28533
28534
28535
28536
28537
28539
28541
28542
28544
28545
28546
28550
28555
28556
28560
28561
28562
28566
28571
28572
28576
28578
28580
28581
28582
28586
28591
28592
28599
28601
28603
28604
28605
28609
28614
28615
28619
28621
28623
28624
28625
28629
28634
28635
28641
28642
28643
28644
28645
28649
28652
28654
28655
28656
28657
28658
28659
28660
28661
28662
28663
28665
28667
28668
28670
28671
28672
28676
28681
28682
28686
28687
28688
28692
28697
28698
28702
28704
28706
28707
28708
28712
28717
28718
28725
28727
28729
28730
28731
28735
28740
28741
28745
28747
28749
28750
28751
28755
28760
28761
28767
28768
28769
28770
28771
28776
28777
28778
28783
28784
28785
28786
28789
28790
28791
28792
28793
28794
28795
28796
28797
28798
28800
28802
28803
28805
28806
28807
28811
28816
28817
28821
28822
28823
28827
28832
28833
28837
28839
28841
28842
28843
28847
28852
28853
28860
28862
28864
28865
28866
28870
28875
28876
28880
28882
28884
28885
28886
28890
28895
28896
28902
28903
28904
28905
28906
28910
28913
28915
28916
28917
28918
28919
28920
28921
28922
28923
28924
28926
28928
28929
28931
28932
28933
28937
28942
28943
28947
28948
28949
28953
28958
28959
28963
28965
28967
28968
28969
28973
28978
28979
28986
28988
28990
28991
28992
28996
29001
29002
29006
29008
29010
29011
29012
29016
29021
29022
29028
29029
29030
29031
29032
29037
29038
29039
29044
29045
29046
29047
29050
29051
29052
29053
29054
29055
29056
29057
29058
29059
29061
29063
29064
29066
29067
29068
29072
29077
29078
29082
29083
29084
29088
29093
29094
29098
29100
29102
29103
29104
29108
29113
29114
29121
29123
29125
29126
29127
29131
29136
29137
29141
29143
29145
29146
29147
29151
29156
29157
29163
29164
29165
29166
29167
29171
29174
29176
29177
29178
29179
29180
29181
29182
29183
29184
29185
29187
29189
29190
29192
29193
29194
29198
29203
29204
29208
29209
29210
29214
29219
29220
29224
29226
29228
29229
29230
29234
29239
29240
29247
29249
29251
29252
29253
29257
29262
29263
29267
29269
29271
29272
29273
29277
29282
29283
29289
29290
29291
29292
29293
29298
29299
29300
29305
29306
29307
29308
29311
29312
29313
29314
29315
29316
29317
29318
29319
29320
29322
29324
29325
29327
29328
29329
29333
29338
29339
29343
29344
29345
29349
29354
29355
29359
29361
29363
29364
29365
29369
29374
29375
29382
29384
29386
29387
29388
29392
29397
29398
29402
29404
29406
29407
29408
29412
29417
29418
29424
29425
29426
29427
29428
29432
29435
29437
29438
29439
29440
29441
29442
29443
29444
29445
29446
29448
29450
29451
29453
29454
29455
29459
29464
29465
29469
29470
29471
29475
29480
29481
29485
29487
29489
29490
29491
29495
29500
29501
29508
29510
29512
29513
29514
29518
29523
29524
29528
29530
29532
29533
29534
29538
29543
29544
29550
29551
29552
29553
29554
29559
29560
29561
29566
29567
29568
29569
29572
29573
29574
29575
29576
29577
29578
29579
29580
29581
29583
29585
29586
29588
29589
29590
29594
29599
29600
29604
29605
29606
29610
29615
29616
29620
29622
29624
29625
29626
29630
29635
29636
29643
29645
29647
29648
29649
29653
29658
29659
29663
29665
29667
29668
29669
29673
29678
29679
29685
29686
29687
29688
29689
29693
29696
29698
29699
29700
29701
29702
29703
29704
29705
29706
29707
29709
29711
29712
29714
29715
29716
29720
29725
29726
29730
29731
29732
29736
29741
29742
29746
29748
29750
29751
29752
29756
29761
29762
29769
29771
29773
29774
29775
29779
29784
29785
29789
29791
29793
29794
29795
29799
29804
29805
29811
29812
29813
29814
29815
29820
29821
29822
29827
29828
29829
29830
29833
29834
29835
29836
29837
29838
29839
29840
29841
29842
29844
29846
29847
29849
29850
29851
29855
29860
29861
29865
29866
29867
29871
29876
29877
29881
29883
29885
29886
29887
29891
29896
29897
29904
29906
29908
29909
29910
29914
29919
29920
29924
29926
29928
29929
29930
29934
29939
29940
29946
29947
29948
29949
29950
29954
29957
29959
29960
29961
29962
29963
29964
29965
29966
29967
29968
29970
29972
29973
29975
29976
29977
29981
29986
29987
29991
29992
29993
29997
30002
30003
30007
30009
30011
30012
30013
30017
30022
30023
30030
30032
30034
30035
30036
30040
30045
30046
30050
30052
30054
30055
30056
30060
30065
30066
30072
30073
30074
30075
30076
30081
30082
30083
30088
30089
30090
30091
30094
30095
30096
30097
30098
30099
30100
30101
30102
30103
30105
30107
30108
30110
30111
30112
30116
30121
30122
30126
30127
30128
30132
30137
30138
30142
30144
30146
30147
30148
30152
30157
30158
30165
30167
30169
30170
30171
30175
30180
30181
30185
30187
30189
30190
30191
30195
30200
30201
30207
30208
30209
30210
30211
30215
30218
30220
30221
30222
30223
30224
30225
30226
30227
30228
30229
30231
30233
30234
30236
30237
30238
30242
30247
30248
30252
30253
30254
30258
30263
30264
30268
30270
30272
30273
30274
30278
30283
30284
30291
30293
30295
30296
30297
30301
30306
30307
30311
30313
30315
30316
30317
30321
30326
30327
30333
30334
30335
30336
30337
30342
30343
30344
30349
30350
30351
30352
30355
30356
30357
30358
30359
30360
30361
30362
30363
30364
30366
30368
30369
30371
30372
30373
30377
30382
30383
30387
30388
30389
30393
30398
30399
30403
30405
30407
30408
30409
30413
30418
30419
30426
30428
30430
30431
30432
30436
30441
30442
30446
30448
30450
30451
30452
30456
30461
30462
30468
30469
30470
30471
30472
30476
30479
30481
30482
30483
30484
30485
30486
30487
30488
30489
30490
30492
30494
30495
30497
30498
30499
30503
30508
30509
30513
30514
30515
30519
30524
30525
30529
30531
30533
30534
30535
30539
30544
30545
30552
30554
30556
30557
30558
30562
30567
30568
30572
30574
30576
30577
30578
30582
30587
30588
30594
30595
30596
30597
30598
30603
30604
30605
30610
30611
30612
30613
30616
30617
30618
30619
30620
30621
30622
30623
30624
30625
30627
30629
30630
30632
30633
30634
30638
30643
30644
30648
30649
30650
30654
30659
30660
30664
30666
30668
30669
30670
30674
30679
30680
30687
30689
30691
30692
30693
30697
30702
30703
30707
30709
30711
30712
30713
30717
30722
30723
30729
30730
30731
30732
30733
30737
30740
30742
30743
30744
30745
30746
30747
30748
30749
30750
30751
30753
30755
30756
30758
30759
30760
30764
30769
30770
30774
30775
30776
30780
30785
30786
30790
30792
30794
30795
30796
30800
30805
30806
30813
30815
30817
30818
30819
30823
30828
30829
30833
30835
30837
30838
30839
30843
30848
30849
30855
30856
30857
30858
30859
30864
30865
30866
30871
30872
30873
30874
30877
30878
30879
30880
30881
30882
30883
30884
30885
30886
30888
30890
30891
30893
30894
30895
30899
30904
30905
30909
30910
30911
30915
30920
30921
30925
30927
30929
30930
30931
30935
30940
30941
30948
30950
30952
30953
30954
30958
30963
30964
30968
30970
30972
30973
30974
30978
30983
30984
30990
30991
30992
30993
30994
30998
31001
31003
31004
31005
31006
31007
31008
31009
31010
31011
31012
31014
31016
31017
31019
31020
31021
31025
31030
31031
31035
31036
31037
31041
31046
31047
31051
31053
31055
31056
31057
31061
31066
31067
31074
31076
31078
31079
31080
31084
31089
31090
31094
31096
31098
31099
31100
31104
31109
31110
31116
31117
31118
31119
31120
31125
31126
31127
31132
31133
31134
31135
31138
31139
31140
31141
31142
31143
31144
31145
31146
31147
31149
31151
31152
31154
31155
31156
31160
31165
31166
31170
31171
31172
31176
31181
31182
31186
31188
31190
31191
31192
31196
31201
31202
31209
31211
31213
31214
31215
31219
31224
31225
31229
31231
31233
31234
31235
31239
31244
31245
31251
31252
31253
31254
31255
31259
31262
31264
31265
31266
31267
31268
31269
31270
31271
31272
31273
31275
31277
31278
31280
31281
31282
31286
31291
31292
31296
31297
31298
31302
31307
31308
31312
31314
31316
31317
31318
31322
31327
31328
31335
31337
31339
31340
31341
31345
31350
31351
31355
31357
31359
31360
31361
31365
31370
31371
31377
31378
31379
31380
31381
31386
31387
31388
31393
31394
31395
31396
31399
31400
31401
31402
31403
31404
31405
31406
31407
31408
31410
31412
31413
31415
31416
31417
31421
31426
31427
31431
31432
31433
31437
31442
31443
31447
31449
31451
31452
31453
31457
31462
31463
31470
31472
31474
31475
31476
31480
31485
31486
31490
31492
31494
31495
31496
31500
31505
31506
31512
31513
31514
31515
31516
31520
31523
31525
31526
31527
31528
31529
31530
31531
31532
31533
31534
31536
31538
31539
31541
31542
31543
31547
31552
31553
31557
31558
31559
31563
31568
31569
31573
31575
31577
31578
31579
31583
31588
31589
31596
31598
31600
31601
31602
31606
31611
31612
31616
31618
31620
31621
31622
31626
31631
31632
31638
31639
31640
31641
31642
31647
31648
31649
31654
31655
31656
31657
31660
31661
31662
31663
31664
31665
31666
31667
31668
31669
31671
31673
31674
31676
31677
31678
31682
31687
31688
31692
31693
31694
31698
31703
31704
31708
31710
31712
31713
31714
31718
31723
31724
31731
31733
31735
31736
31737
31741
31746
31747
31751
31753
31755
31756
31757
31761
31766
31767
31773
31774
31775
31776
31777
31781
31784
31786
31787
31788
31789
31790
31791
31792
31793
31794
31795
31797
31799
31800
31802
31803
31804
31808
31813
31814
31818
31819
31820
31824
31829
31830
31834
31836
31838
31839
31840
31844
31849
31850
31857
31859
31861
31862
31863
31867
31872
31873
31877
31879
31881
31882
31883
31887
31892
31893
31899
31900
31901
31902
31903
31908
31909
31910
31915
31916
31917
31918
31921
31922
31923
31924
31925
31926
31927
31928
31929
31930
31932
31934
31935
31937
31938
31939
31943
31948
31949
31953
31954
31955
31959
31964
31965
31969
31971
31973
31974
31975
31979
31984
31985
31992
31994
31996
31997
31998
32002
32007
32008
32012
32014
32016
32017
32018
32022
32027
32028
32034
32035
32036
32037
32038
32042
32045
32047
32048
32049
32050
32051
32052
32053
32054
32055
32056
32058
32060
32061
32063
32064
32065
32069
32074
32075
32079
32080
32081
32085
32090
32091
32095
32097
32099
32100
32101
32105
32110
32111
32118
32120
32122
32123
32124
32128
32133
32134
32138
32140
32142
32143
32144
32148
32153
32154
32160
32161
32162
32163
32164
32169
32170
32171
32176
32177
32178
32179
32182
32183
32184
32185
32186
32187
32188
32189
32190
32191
32193
32195
32196
32198
32199
32200
32204
32209
32210
32214
32215
32216
32220
32225
32226
32230
32232
32234
32235
32236
32240
32245
32246
32253
32255
32257
32258
32259
32263
32268
32269
32273
32275
32277
32278
32279
32283
32288
32289
32295
32296
32297
32298
32299
32303
32306
32308
32309
32310
32311
32312
32313
32314
32315
32316
32317
32319
32321
32322
32324
32325
32326
32330
32335
32336
32340
32341
32342
32346
32351
32352
32356
32358
32360
32361
32362
32366
32371
32372
32379
32381
32383
32384
32385
32389
32394
32395
32399
32401
32403
32404
32405
32409
32414
32415
32421
32422
32423
32424
32425
32430
32431
32432
32437
32438
32439
32440
32443
32444
32445
32446
32447
32448
32449
32450
32451
32452
32454
32456
32457
32459
32460
32461
32465
32470
32471
32475
32476
32477
32481
32486
32487
32491
32493
32495
32496
32497
32501
32506
32507
32514
32516
32518
32519
32520
32524
32529
32530
32534
32536
32538
32539
32540
32544
32549
32550
32556
32557
32558
32559
32560
32564
32567
32569
32570
32571
32572
32573
32574
32575
32576
32577
32578
32580
32582
32583
32585
32586
32587
32591
32596
32597
32601
32602
32603
32607
32612
32613
32617
32619
32621
32622
32623
32627
32632
32633
32640
32642
32644
32645
32646
32650
32655
32656
32660
32662
32664
32665
32666
32670
32675
32676
32682
32683
32684
32685
32686
32691
32692
32693
32698
32699
32700
32701
32704
32705
32706
32707
32708
32709
32710
32711
32712
32713
32715
32717
32718
32720
32721
32722
32726
32731
32732
32736
32737
32738
32742
32747
32748
32752
32754
32756
32757
32758
32762
32767
32768
32775
32777
32779
32780
32781
32785
32790
32791
32795
32797
32799
32800
32801
32805
32810
32811
32817
32818
32819
32820
32821
32825
32828
32830
32831
32832
32833
32834
32835
32836
32837
32838
32839
32841
32843
32844
32846
32847
32848
32852
32857
32858
32862
32863
32864
32868
32873
32874
32878
32880
32882
32883
32884
32888
32893
32894
32901
32903
32905
32906
32907
32911
32916
32917
32921
32923
32925
32926
32927
32931
32936
32937
32943
32944
32945
32946
32947
32952
32953
32954
32959
32960
32961
32962
32965
32966
32967
32968
32969
32970
32971
32972
32973
32974
32976
32978
32979
32981
32982
32983
32987
32992
32993
32997
32998
32999
33003
33008
33009
33013
33015
33017
33018
33019
33023
33028
33029
33036
33038
33040
33041
33042
33046
33051
33052
33056
33058
33060
33061
33062
33066
33071
33072
33078
33079
33080
33081
33082
33086
33089
33091
33092
33093
33094
33095
33096
33097
33098
33099
33100
33102
33104
33105
33107
33108
33109
33113
33118
33119
33123
33124
33125
33129
33134
33135
33139
33141
33143
33144
33145
33149
33154
33155
33162
33164
33166
33167
33168
33172
33177
33178
33182
33184
33186
33187
33188
33192
33197
33198
33204
33205
33206
33207
33208
33213
33214
33215
33220
33221
33222
33223
33226
33227
33228
33229
33230
33231
33232
33233
33234
33235
33237
33239
33240
33242
33243
33244
33248
33253
33254
33258
33259
33260
33264
33269
33270
33274
33276
33278
33279
33280
33284
33289
33290
33297
33299
33301
33302
33303
33307
33312
33313
33317
33319
33321
33322
33323
33327
33332
33333
33339
33340
33341
33342
33343
33347
33350
33352
33353
33354
33355
33356
33357
33358
33359
33360
33361
33363
33365
33366
33368
33369
33370
33374
33379
33380
33384
33385
33386
33390
33395
33396
33400
33402
33404
33405
33406
33410
33415
33416
33423
33425
33427
33428
33429
33433
33438
33439
33443
33445
33447
33448
33449
33453
33458
33459
33465
33466
33467
33468
33469
33474
33475
33476
33477
33478
33479
33480
33481
33483
33484
33485
33486
33487
33488
33489
33492
33502
33512
33522
33532
33542
33552
33562
33572
33582
33592
33602
33612
33622
33632
33642
33652
33662
33672
33682
33692
33702
33712
33722
33732
33742
33752
33762
33772
33782
33792
33802
33812
33822
33832
33842
33852
33862
33872
33882
33892
33902
33912
33922
33932
33942
33952
33962
33972
33982
33992
34002
34012
34022
34032
34042
34052
34062
34072
34082
34092
34102
34112
34122
34132
34142
34152
34162
34172
34182
34192
34202
34212
34222
34232
34242
34252
34262
34272
34282
34292
34302
34312
34322
34332
34342
34352
34362
34372
34382
34392
34402
34412
34422
34432
34442
34452
34462
34472
34482
34492
34502
34512
34522
34532
34542
34552
34562
34572
34582
34592
34602
34612
34622
34632
34642
34652
34662
34672
34682
34692
34702
34712
34722
34732
34742
34752
34762
34772
34782
34792
34802
34812
34822
34832
34842
34852
34862
34872
34882
34892
34902
34912
34922
34932
34942
34952
34962
34972
34982
34992
35002
35012
35022
35032
35042
35052
35062
35072
35082
35092
35102
35112
35122
35132
35142
35152
35162
35172
35182
35192
35202
35212
35222
35232
35242
35252
35262
35272
35282
35292
35302
35312
35322
35332
35342
35352
35362
35372
35382
35392
35402
35412
35422
35432
35442
35452
35462
35472
35482
35492
35502
35512
35522
35532
35542
35552
35562
35572
35582
35592
35602
35612
35622
35632
35642
35652
35662
35672
35682
35692
35702
35712
35722
35732
35742
35752
35762
35772
35782
35792
35802
35812
35822
35832
35842
35852
35862
35872
35882
35892
35902
35912
35922
35932
35942
35952
35962
35972
35982
35992
36002
36012
36022
36032
36042
36052
36053
36054
36055
36056
36057
36058
36060
36061
36062
36063
36064
36067
36068
36069
36073
36078
36081
36082
36087
36089
36090
36091
36095
36100
36103
36104
36109
36111
36112
36113
36117
36122
36125
36126
36131
36133
36134
36135
36139
36144
36147
36148
36153
36155
36156
36157
36161
36166
36169
36170
36175
36177
36178
36179
36183
36188
36191
36192
36197
36199
36200
36201
36205
36210
36213
36214
36219
36221
36222
36223
36227
36232
36235
36236
36241
36243
36244
36245
36249
36254
36257
36258
36263
36265
36266
36267
36271
36276
36279
36280
36285
36287
36288
36289
36293
36298
36301
36302
36307
36309
36310
36311
36315
36320
36323
36324
36329
36331
36332
36333
36337
36342
36345
36346
36351
36353
36354
36355
36359
36364
36367
36368
36373
36375
36376
36377
36381
36386
36389
36390
36395
36397
36398
36399
36403
36408
36411
36412
36417
36419
36420
36421
36425
36430
36433
36434
36439
36441
36442
36443
36447
36452
36455
36456
36461
36463
36464
36465
36469
36474
36477
36478
36483
36485
36486
36487
36491
36496
36499
36500
36505
36507
36508
36509
36513
36518
36521
36522
36527
36529
36530
36531
36535
36540
36543
36544
36549
36551
36552
36553
36557
36562
36565
36566
36571
36573
36574
36575
36579
36584
36587
36588
36593
36595
36596
36597
36601
36606
36609
36610
36615
36617
36618
36619
36623
36628
36631
36632
36637
36639
36640
36641
36645
36650
36653
36654
36659
36661
36662
36663
36667
36672
36675
36676
36681
36683
36684
36685
36689
36694
36697
36698
36703
36705
36706
36707
36711
36716
36719
36720
36725
36727
36728
36729
36733
36738
36741
36742
36747
36749
36750
36751
36755
36760
36763
36764
36769
36771
36772
36773
36777
36782
36785
36786
36791
36793
36794
36795
36799
36804
36807
36808
36813
36815
36816
36817
36821
36826
36829
36830
36835
36837
36838
36839
36843
36848
36851
36852
36857
36859
36860
36861
36865
36870
36873
36874
36879
36881
36882
36883
36887
36892
36895
36896
36901
36903
36904
36905
36909
36914
36917
36918
36923
36925
36926
36927
36931
36936
36939
36940
36945
36947
36948
36949
36953
36958
36961
36962
36967
36969
36970
36971
36975
36980
36983
36984
36989
36991
36992
36993
36997
37002
37005
37006
37011
37013
37014
37015
37019
37024
37027
37028
37033
37035
37036
37037
37041
37046
37049
37050
37055
37057
37058
37059
37063
37068
37071
37072
37077
37079
37080
37081
37085
37090
37093
37094
37099
37101
37102
37103
37107
37112
37115
37116
37121
37123
37124
37125
37129
37134
37137
37138
37143
37145
37146
37147
37151
37156
37159
37160
37165
37167
37168
37169
37173
37178
37181
37182
37187
37189
37190
37191
37195
37200
37203
37204
37209
37211
37212
37213
37217
37222
37225
37226
37231
37233
37234
37235
37239
37244
37247
37248
37253
37255
37256
37257
37261
37266
37269
37270
37275
37277
37278
37279
37283
37288
37291
37292
37297
37299
37300
37301
37305
37310
37313
37314
37319
37321
37322
37323
37327
37332
37335
37336
37341
37343
37344
37345
37349
37354
37357
37358
37363
37365
37366
37367
37371
37376
37379
37380
37385
37387
37388
37389
37393
37398
37401
37402
37407
37409
37410
37411
37415
37420
37423
37424
37429
37431
37432
37433
37437
37442
37445
37446
37451
37453
37454
37455
37459
37464
37467
37468
37473
37475
37476
37477
37481
37486
37489
37490
37495
37497
37498
37499
37503
37508
37511
37512
37517
37519
37520
37521
37525
37530
37533
37534
37539
37541
37542
37543
37547
37552
37555
37556
37561
37563
37564
37565
37569
37574
37577
37578
37583
37585
37586
37587
37591
37596
37599
37600
37605
37607
37608
37609
37613
37618
37621
37622
37627
37629
37630
37631
37635
37640
37643
37644
37649
37651
37652
37653
37657
37662
37665
37666
37671
37673
37674
37675
37679
37684
37687
37688
37693
37695
37696
37697
37701
37706
37709
37710
37715
37717
37718
37719
37723
37728
37731
37732
37737
37739
37740
37741
37745
37750
37753
37754
37759
37761
37762
37763
37767
37772
37775
37776
37781
37783
37784
37785
37789
37794
37797
37798
37803
37805
37806
37807
37811
37816
37819
37820
37825
37827
37828
37829
37833
37838
37841
37842
37847
37849
37850
37851
37855
37860
37863
37864
37869
37871
37872
37873
37877
37882
37885
37886
37891
37893
37894
37895
37899
37904
37907
37908
37913
37915
37916
37917
37921
37926
37929
37930
37935
37937
37938
37939
37943
37948
37951
37952
37957
37959
37960
37961
37965
37970
37973
37974
37979
37981
37982
37983
37987
37992
37995
37996
38001
38003
38004
38005
38009
38014
38017
38018
38023
38025
38026
38027
38031
38036
38039
38040
38045
38047
38048
38049
38053
38058
38061
38062
38067
38069
38070
38071
38075
38080
38083
38084
38089
38091
38092
38093
38097
38102
38105
38106
38111
38113
38114
38115
38119
38124
38127
38128
38133
38135
38136
38137
38141
38146
38149
38150
38155
38157
38158
38159
38163
38168
38171
38172
38177
38179
38180
38181
38185
38190
38193
38194
38199
38201
38202
38203
38207
38212
38215
38216
38221
38223
38224
38225
38229
38234
38237
38238
38243
38245
38246
38247
38251
38256
38259
38260
38265
38267
38268
38269
38273
38278
38281
38282
38287
38289
38290
38291
38295
38300
38303
38304
38309
38311
38312
38313
38317
38322
38325
38326
38331
38333
38334
38335
38339
38344
38347
38348
38353
38355
38356
38357
38361
38366
38369
38370
38375
38377
38378
38379
38383
38388
38391
38392
38397
38399
38400
38401
38405
38410
38413
38414
38419
38421
38422
38423
38427
38432
38435
38436
38441
38443
38444
38445
38449
38454
38457
38458
38463
38465
38466
38467
38471
38476
38479
38480
38485
38487
38488
38489
38493
38498
38501
38502
38507
38509
38510
38511
38515
38520
38523
38524
38529
38531
38532
38533
38537
38542
38545
38546
38551
38553
38554
38555
38559
38564
38567
38568
38573
38575
38576
38577
38581
38586
38589
38590
38595
38597
38598
38599
38603
38608
38611
38612
38617
38619
38620
38621
38625
38630
38633
38634
38639
38641
38642
38643
38647
38652
38655
38656
38661
38663
38664
38665
38669
38674
38677
38678
38683
38685
38686
38687
38691
38696
38699
38700
38705
38707
38708
38709
38713
38718
38721
38722
38727
38729
38730
38731
38735
38740
38743
38744
38749
38751
38752
38753
38757
38762
38765
38766
38771
38773
38774
38775
38779
38784
38787
38788
38793
38795
38796
38797
38801
38806
38809
38810
38815
38817
38818
38819
38823
38828
38831
38832
38837
38839
38840
38841
38845
38850
38853
38854
38859
38861
38862
38863
38867
38872
38875
38876
38881
38883
38884
38885
38889
38894
38897
38898
38903
38905
38906
38907
38911
38916
38919
38920
38925
38927
38928
38929
38933
38938
38941
38942
38947
38949
38950
38951
38955
38960
38963
38964
38969
38971
38972
38973
38977
38982
38985
38986
38991
38993
38994
38995
38999
39004
39007
39008
39013
39015
39016
39017
39021
39026
39029
39030
39035
39037
39038
39039
39043
39048
39051
39052
39057
39059
39060
39061
39065
39070
39073
39074
39079
39081
39082
39083
39087
39092
39095
39096
39101
39103
39104
39105
39109
39114
39117
39118
39123
39125
39126
39127
39131
39136
39139
39140
39145
39147
39148
39149
39153
39158
39161
39162
39167
39169
39170
39171
39175
39180
39183
39184
39189
39191
39192
39193
39197
39202
39205
39206
39211
39213
39214
39215
39219
39224
39227
39228
39233
39235
39236
39237
39241
39246
39249
39250
39255
39257
39258
39259
39263
39268
39271
39272
39277
39279
39280
39281
39285
39290
39293
39294
39299
39301
39302
39303
39307
39312
39315
39316
39321
39323
39324
39325
39329
39334
39337
39338
39343
39345
39346
39347
39351
39356
39359
39360
39365
39367
39368
39369
39373
39378
39381
39382
39387
39389
39390
39391
39395
39400
39403
39404
39409
39411
39412
39413
39417
39422
39425
39426
39431
39433
39434
39435
39439
39444
39447
39448
39453
39455
39456
39457
39461
39466
39469
39470
39475
39477
39478
39479
39483
39488
39491
39492
39497
39499
39500
39501
39505
39510
39513
39514
39519
39521
39522
39523
39527
39532
39535
39536
39541
39543
39544
39545
39549
39554
39557
39558
39563
39565
39566
39567
39571
39576
39579
39580
39585
39587
39588
39589
39593
39598
39601
39602
39607
39609
39610
39611
39615
39620
39623
39624
39629
39631
39632
39633
39637
39642
39645
39646
39651
39653
39654
39655
39659
39664
39667
39668
39673
39675
39676
39677
39681
39686
39689
39690
39695
39697
39698
39699
39703
39708
39711
39712
39717
39719
39720
39721
39725
39730
39733
39734
39739
39741
39742
39743
39747
39752
39755
39756
39761
39763
39764
39765
39769
39774
39777
39778
39783
39785
39786
39787
39791
39796
39799
39800
39805
39807
39808
39809
39813
39818
39821
39822
39827
39829
39830
39831
39835
39840
39843
39844
39849
39851
39852
39853
39857
39862
39865
39866
39871
39873
39874
39875
39879
39884
39887
39888
39893
39895
39896
39897
39901
39906
39909
39910
39915
39917
39918
39919
39923
39928
39931
39932
39937
39939
39940
39941
39945
39950
39953
39954
39959
39961
39962
39963
39967
39972
39975
39976
39981
39983
39984
39985
39989
39994
39997
39998
40003
40005
40006
40007
40011
40016
40019
40020
40025
40027
40028
40029
40033
40038
40041
40042
40047
40049
40050
40051
40055
40060
40063
40064
40069
40071
40072
40073
40077
40082
40085
40086
40091
40093
40094
40095
40099
40104
40107
40108
40113
40115
40116
40117
40121
40126
40129
40130
40135
40137
40138
40139
40143
40148
40151
40152
40157
40159
40160
40161
40165
40170
40173
40174
40179
40181
40182
40183
40187
40192
40195
40196
40201
40203
40204
40205
40209
40214
40217
40218
40223
40225
40226
40227
40231
40236
40239
40240
40245
40247
40248
40249
40253
40258
40261
40262
40267
40269
40270
40271
40275
40280
40283
40284
40289
40291
40292
40293
40297
40302
40305
40306
40311
40313
40314
40315
40319
40324
40327
40328
40333
40335
40336
40337
40341
40346
40349
40350
40355
40357
40358
40359
40363
40368
40371
40372
40377
40379
40380
40381
40385
40390
40393
40394
40399
40401
40402
40403
40407
40412
40415
40416
40421
40423
40424
40425
40429
40434
40437
40438
40443
40445
40446
40447
40451
40456
40459
40460
40465
40467
40468
40469
40473
40478
40481
40482
40487
40489
40490
40491
40495
40500
40503
40504
40509
40511
40512
40513
40517
40522
40525
40526
40531
40533
40534
40535
40539
40544
40547
40548
40553
40555
40556
40557
40561
40566
40569
40570
40575
40577
40578
40579
40583
40588
40591
40592
40597
40599
40600
40601
40605
40610
40613
40614
40619
40621
40622
40623
40627
40632
40635
40636
40641
40643
40644
40645
40649
40654
40657
40658
40663
40665
40666
40667
40671
40676
40679
40680
40685
40687
40688
40689
40693
40698
40701
40702
40707
40709
40710
40711
40715
40720
40723
40724
40729
40731
40732
40733
40737
40742
40745
40746
40751
40753
40754
40755
40759
40764
40767
40768
40773
40775
40776
40777
40781
40786
40789
40790
40795
40797
40798
40799
40803
40808
40811
40812
40817
40819
40820
40821
40825
40830
40833
40834
40839
40841
40842
40843
40847
40852
40855
40856
40861
40863
40864
40865
40869
40874
40877
40878
40883
40885
40886
40887
40891
40896
40899
40900
40905
40907
40908
40909
40913
40918
40921
40922
40927
40929
40930
40931
40935
40940
40943
40944
40949
40951
40952
40953
40957
40962
40965
40966
40971
40973
40974
40975
40979
40984
40987
40988
40993
40995
40996
40997
41001
41006
41009
41010
41015
41017
41018
41019
41023
41028
41031
41032
41037
41039
41040
41041
41045
41050
41053
41054
41059
41061
41062
41063
41067
41072
41075
41076
41081
41083
41084
41085
41089
41094
41097
41098
41103
41105
41106
41107
41111
41116
41119
41120
41125
41127
41128
41129
41133
41138
41141
41142
41147
41149
41150
41151
41155
41160
41163
41164
41169
41171
41172
41173
41177
41182
41185
41186
41191
41193
41194
41195
41199
41204
41207
41208
41213
41215
41216
41217
41221
41226
41229
41230
41235
41237
41238
41239
41243
41248
41251
41252
41257
41259
41260
41261
41265
41270
41273
41274
41279
41281
41282
41283
41287
41292
41295
41296
41301
41303
41304
41305
41309
41314
41317
41318
41323
41325
41326
41327
41331
41336
41339
41340
41345
41347
41348
41349
41353
41358
41361
41362
41367
41369
41370
41371
41375
41380
41383
41384
41389
41391
41392
41393
41397
41402
41405
41406
41411
41413
41414
41415
41419
41424
41427
41428
41433
41435
41436
41437
41441
41446
41449
41450
41455
41457
41458
41459
41463
41468
41471
41472
41477
41479
41480
41481
41485
41490
41493
41494
41499
41501
41502
41503
41507
41512
41515
41516
41521
41523
41524
41525
41529
41534
41537
41538
41543
41545
41546
41547
41551
41556
41559
41560
41565
41567
41568
41569
41573
41578
41581
41582
41587
41589
41590
41591
41595
41600
41603
41604
41609
41611
41612
41613
41617
41622
41625
41626
41631
41633
41634
41635
41639
41644
41647
41648
41653
41655
41656
41657
41661
41666
41669
41670
41675
41677
41678
41679
41683
41688
41691
41692
41697
41698
41699
41700
41701
41702
41703
41704
41705
41706
41707
41708
41709
41710
41711
41712
41713
41714
41715
41717
